95.807571 23.255068 42.886666208
95.817441 23.069280 49.628386611
95.731995 23.258717 12.326011306
95.646009 23.251518 -17.842791517
95.731537 23.069348 19.377743569
95.645300 23.069302 -5.002025284
95.814287 22.881261 54.689372334
95.731455 22.871089 31.012332378
95.645543 22.871381 19.521368054
95.731672 22.673030 77.196908950
95.646229 22.674028 50.857215305
95.794931 22.272388 28.691806391
95.730998 22.475802 98.396699651
95.646078 22.473030 67.154061388
95.731435 22.274705 24.228328340
95.645428 22.275719 11.213382319
95.799398 22.074770 -5.540281749
95.803852 21.874814 1.338002597
95.731470 22.077680 -13.070408500
95.645298 22.077887 -31.882893397
95.731724 21.876891 -20.397016405
95.645444 21.877370 -33.582135825
96.315750 20.677477 -78.491884490
96.329116 20.488523 -101.991249661
96.332406 20.289076 -124.427015064
96.182324 21.284597 -50.977185645
96.234472 21.077457 -82.582068904
96.187176 21.091277 -84.476541644
95.808266 21.678961 19.405786788
95.812780 21.481202 35.391334385
95.731485 21.681270 -5.747725046
95.645401 21.681245 -18.845123354
95.731462 21.483109 22.694194117
95.645417 21.483140 -11.136420519
95.817260 21.283073 51.607889175
95.817530 21.086971 40.474824395
95.731248 21.284895 29.736740449
95.645372 21.284872 1.987941098
95.731453 21.086422 29.049172399
95.645404 21.086464 26.583225809
96.246766 20.885682 -86.313759457
96.248403 20.690796 -80.608924530
96.254897 20.495498 -128.532985133
96.266163 20.303920 -152.270726715
95.816727 20.888606 9.512442579
95.880999 20.683009 52.505553034
95.817423 20.689562 44.849455289
95.731899 20.888685 8.477740362
95.645260 20.888334 16.797969104
95.731462 20.689747 14.306295372
95.645414 20.689751 20.971947681
95.889761 20.485265 61.049250190
95.817449 20.491444 56.945586832
95.899979 20.288308 67.307068958
95.817501 20.293175 59.212788550
95.731459 20.491498 26.992183345
95.645413 20.491458 39.445498973
95.731465 20.293209 75.985863406
95.645368 20.293310 54.196987903
95.560066 23.244495 -45.224814384
95.474095 23.237388 -64.703733899
95.559375 23.068299 -20.563605767
95.473346 23.069803 -41.342802897
95.389269 23.229569 -74.230020857
95.301550 23.222040 -79.596397158
95.387254 23.069136 -49.990888614
95.301239 23.069355 -53.015089436
95.559690 22.872749 8.535946162
95.473366 22.870792 -5.331387554
95.558762 22.671819 35.431401996
95.473328 22.673198 24.000030073
95.387424 22.870741 -30.847690779
95.300833 22.872131 -47.910408507
95.386782 22.673739 5.722479527
95.301280 22.672183 -11.063471353
95.216371 23.215709 -80.483592926
95.130470 23.208416 -81.728270022
95.215204 23.069351 -53.272384770
95.129176 23.069373 -50.464917668
95.043180 23.069335 -42.939563867
94.958231 23.062875 -31.855599074
95.215120 22.871297 -49.028033190
95.129139 22.871028 -43.596308756
95.215121 22.672323 -21.846145277
95.129167 22.672713 -25.594612245
95.043141 22.871066 -34.335482503
94.957087 22.871063 -25.766026074
95.043130 22.672718 -24.146088657
94.957085 22.672745 -17.307871905
95.559046 22.473410 51.159432924
95.473560 22.473263 37.731779949
95.559126 22.275533 1.930740121
95.473335 22.276043 0.608009502
95.386804 22.472778 34.836024886
95.301240 22.474374 30.456437293
95.387291 22.276044 -9.475543797
95.301278 22.276077 -13.909760808
95.559383 22.077708 -38.049716181
95.473334 22.077704 -37.731782355
95.559472 21.878194 -41.808772930
95.473797 21.881942 -54.287956707
95.387291 22.077709 -41.465814137
95.301268 22.077736 -41.103272188
95.386974 21.880146 -45.413773056
95.301255 21.879388 -38.558200015
95.215221 22.474364 15.841536968
95.129169 22.474384 -0.219932717
95.215217 22.276015 -6.858168981
95.129199 22.276268 -3.800864450
95.043157 22.474480 -2.302764908
94.957116 22.475334 7.581124061
95.042970 22.276552 -3.012498375
94.956811 22.275453 3.595776121
95.215235 22.077767 -27.492890178
95.129204 22.077997 -16.511506473
95.215423 21.879766 -22.849250551
95.128462 21.878989 -4.161476092
95.042941 22.077252 -9.350186847
94.957118 22.077706 -6.092727303
95.043164 21.879261 1.229096591
94.957083 21.879392 0.153485547
94.871405 23.055171 -21.997630443
94.785278 23.048408 -10.096601209
94.699538 23.042618 2.594391365
94.613944 23.034517 12.896619797
94.871118 22.870588 -18.069565101
94.785431 22.870749 -5.694396612
94.871047 22.672784 -8.702233266
94.785435 22.673340 2.617450916
94.698915 22.870677 7.282075920
94.612386 22.872590 18.415590478
94.698989 22.672897 12.146594331
94.612540 22.674396 22.563336310
94.527303 23.026025 37.680348395
94.441260 23.020304 68.621304163
94.526794 22.870323 33.019602665
94.442212 22.874372 47.391208170
94.527622 22.668299 29.985769118
94.441286 22.671617 36.373292830
94.354279 22.872923 53.224700859
94.355543 22.676370 34.501150815
94.870912 22.475092 16.369587090
94.784594 22.473694 22.785510018
94.871043 22.276042 14.126686162
94.784995 22.276049 19.773664561
94.699010 22.473995 26.962147614
94.614553 22.473797 30.115060384
94.698965 22.276041 23.923069427
94.615792 22.272641 24.736734497
94.871020 22.077617 -6.200968809
94.784987 22.077699 6.534890261
94.871076 21.879376 0.265944447
94.784977 21.879376 -0.192062208
94.699088 22.077836 19.512029663
94.613114 22.078100 23.089646901
94.698930 21.879354 -2.656482334
94.612911 21.879298 -0.582847855
94.525892 22.478891 34.221169348
94.443460 22.477536 32.593904425
94.527256 22.270015 24.004647780
94.441614 22.272172 22.696368752
94.369691 22.482515 34.135064408
94.526983 22.077916 20.581165168
94.456595 22.086038 15.747741366
94.526812 21.879126 0.816781801
95.559357 21.681482 -29.683299175
95.473524 21.680545 -25.470105007
95.559635 21.483471 -19.199363801
95.473303 21.483191 -14.570664196
95.387804 21.680521 -39.062584027
95.301407 21.682246 -46.079413817
95.387862 21.483494 -19.374383682
95.301414 21.484926 -26.856635809
95.559507 21.284391 -18.733264843
95.473335 21.284785 -27.219806322
95.559370 21.086466 13.457623933
95.473377 21.086459 -10.465699650
95.387362 21.284581 -23.497293213
95.301280 21.284541 -17.089564854
95.387242 21.086313 -28.786393150
95.301208 21.086272 -35.281465618
95.214912 21.680830 -26.488973116
95.129161 21.681329 -5.845103614
95.214162 21.486484 -22.455609431
95.129258 21.483639 -16.005087509
95.043143 21.681340 4.895567757
94.957087 21.681201 0.857386408
95.043040 21.483574 -16.242832108
94.957116 21.483363 -18.404739185
95.215928 21.280960 -23.144278164
95.128835 21.282637 -27.525786409
95.215235 21.086466 -33.200172229
95.129216 21.086095 -21.299239030
95.043680 21.284255 -22.833562465
94.956699 21.286972 -15.587411825
95.043091 21.086213 -13.799024412
94.956999 21.086445 -10.405866807
95.559262 20.888301 16.235169699
95.473324 20.888170 6.352408796
95.559377 20.689795 32.279982474
95.473327 20.689716 12.372423629
95.387300 20.888179 -0.937754195
95.301760 20.888785 -15.581383199
95.387241 20.689923 9.846574167
95.301249 20.689799 5.431481709
95.559387 20.491480 43.759292647
95.472690 20.493776 32.076592068
95.559519 20.293024 31.421692001
95.473313 20.293070 29.226484136
95.387289 20.491474 28.563350063
95.301257 20.491435 25.619131186
95.387278 20.293153 34.214480572
95.301307 20.293168 34.280693766
95.214011 20.888388 -14.979916733
95.129174 20.888066 -3.280842208
95.215081 20.689528 8.626329753
95.129202 20.689766 9.253756904
95.043139 20.888045 8.911465364
94.957090 20.888067 -7.410325615
95.043157 20.689780 7.743773173
94.957065 20.689846 -0.301673034
95.215239 20.491550 22.035799157
95.129134 20.491577 25.990601697
95.215198 20.293183 29.039033172
95.129183 20.293243 23.478715342
95.043200 20.491040 16.100843601
94.957038 20.491057 3.624905441
95.043141 20.293391 9.228583461
94.957979 20.293136 -2.148233673
94.871031 21.681331 -8.805364943
94.784995 21.681181 -5.810437592
94.871038 21.483312 -13.297068600
94.784987 21.483075 -10.061404977
94.698961 21.681192 -2.912833707
94.612966 21.681184 -6.699857810
94.698951 21.483011 -12.333887803
94.612911 21.483083 -18.856173408
94.870958 21.286689 -16.037158817
94.784910 21.284574 -16.373064210
94.872540 21.085898 -33.381928003
94.782866 21.086959 -43.989114719
94.699209 21.284647 -16.736505793
94.617310 21.291128 -29.737236490
94.698894 21.086437 -45.188860831
94.634860 21.103095 -46.868455939
94.533030 21.689575 -17.400811148
94.871984 20.885977 -29.831734982
94.784718 20.888237 -46.462853178
94.871040 20.689677 -16.211124003
94.785711 20.692772 -37.935502569
94.700745 20.894787 -58.344486806
94.717047 20.701752 -64.584471544
94.871946 20.493767 -9.280030838
94.784814 20.491803 -31.623336826
94.868799 20.293342 -18.439598960
94.801373 20.305761 -29.669441059
96.414346 20.092027 -91.598706175
96.331020 20.100244 -141.540154855
96.440635 19.948636 -75.506161419
96.398010 19.950387 -100.702610276
96.440661 19.841423 -5.288768481
96.404103 19.884976 -98.469826393
96.409401 19.820550 -3.616540633
96.387340 19.818413 -12.075268726
96.355223 19.949843 -118.989462025
96.314061 19.952035 -134.141916247
96.343992 19.868802 -70.505015086
96.366297 19.819437 -10.554311462
96.344110 19.821176 -13.528688080
96.322133 19.871491 -94.365895331
96.324192 19.823345 -22.372892738
96.506358 19.497638 35.953989868
96.417670 19.700750 18.530470540
96.353419 19.707647 1.534534098
96.415932 19.497796 -7.612839190
96.674425 18.696593 90.853818462
96.579960 19.289922 45.884847264
96.503897 19.299760 -14.663309006
96.591132 19.102169 55.207721066
96.503122 19.097735 -23.474219208
96.426214 19.308920 -55.411035149
96.589080 18.901494 71.519566795
96.506953 18.904736 14.099917812
96.613229 18.755135 41.829403993
96.569930 18.756523 -2.052403650
96.613097 18.655913 6.587829959
96.570452 18.657301 -33.853110665
96.518576 18.717644 -40.969821817
95.973339 19.892926 28.703769423
95.987445 19.691019 98.486795146
95.989449 19.498842 94.265175617
95.903698 20.095365 27.166676058
95.817488 20.096336 57.270909584
95.903938 19.902232 29.532682175
95.817188 19.901570 59.160315494
95.731238 20.095651 74.810934375
95.645418 20.094894 56.665994740
95.731010 19.897033 79.578184791
95.645408 19.896866 54.301174907
95.904575 19.688676 92.428675884
95.818395 19.685637 87.656921700
95.904624 19.501044 99.803165722
95.818059 19.499179 65.486670507
95.729796 19.697391 71.816424888
95.645424 19.698569 37.720552560
95.729085 19.499700 31.160146381
95.645406 19.500234 5.099447082
96.062624 19.295030 38.931386490
95.990828 19.310600 50.659931184
96.075724 19.105472 40.885485756
95.990597 19.105123 44.438029115
96.152575 18.696092 -44.498480313
96.076693 18.905746 29.412095795
95.988931 18.899894 39.031514164
96.075737 18.708759 -10.119389662
95.988065 18.706088 6.109321003
95.903664 19.309068 51.551316679
95.814610 19.302134 28.649422568
95.902560 19.101546 32.600290138
95.814315 19.103471 9.705757843
95.730475 19.300809 10.340155201
95.645504 19.302264 -9.243397548
95.731150 19.104418 0.099677271
95.645398 19.103640 -19.141698373
95.902271 18.904327 23.406785832
95.816713 18.904219 4.262533726
95.903214 18.706425 11.218144002
95.815853 18.706126 9.580902278
95.731091 18.904183 -7.868895191
95.646469 18.904932 -13.759737177
95.731402 18.707121 -1.786182304
95.646310 18.709247 -19.931188951
96.677315 18.506339 45.659310869
96.757833 18.301702 62.735492035
96.677985 18.310616 -4.293727614
96.839426 17.904084 85.846859623
96.764029 18.110998 50.859720647
96.677865 18.111426 6.301059884
96.763866 17.913279 74.211414360
96.685278 17.922782 49.576279465
96.592099 18.509476 -17.330611928
96.601841 18.320968 -63.545282155
96.849003 17.715448 38.773084829
96.920698 17.507052 28.809257756
96.847618 17.518476 41.689376001
96.763978 17.715147 52.724118112
96.768690 17.524396 44.670710284
96.331994 17.709853 -13.653786843
96.401445 17.504429 -20.372691704
96.333424 17.515998 -22.183412997
96.418602 17.335318 -38.741166720
96.331703 17.333540 -35.623783446
96.163965 18.509030 -51.500232279
96.236333 18.298817 -25.494622413
96.162189 18.310252 -39.084084874
96.074927 18.507356 -31.224428174
95.988804 18.510060 -4.370569368
96.075471 18.308152 -35.103211725
95.989050 18.309137 -14.702064278
96.246282 18.109240 -53.255848510
96.161007 18.112162 -50.062441121
96.245442 17.908627 -49.820133981
96.161637 17.908769 -48.189116652
96.076771 18.113249 -34.115859645
95.987472 18.109070 -10.741229874
96.076135 17.913007 -31.612375371
95.988959 17.913574 -16.888309057
95.901198 18.507243 14.020440039
95.817765 18.507982 12.405375731
95.901400 18.307570 25.508407465
95.817361 18.309539 9.399384508
95.731118 18.505319 -6.032782833
95.645300 18.509430 -21.304501111
95.731532 18.309997 -21.365218958
95.645115 18.309503 -42.768434511
95.901970 18.112496 5.629588709
95.817457 18.112124 -10.089380757
95.903139 17.912144 -21.003372448
95.817514 17.913624 -42.835829496
95.731443 18.111920 -41.861617392
95.645407 18.111770 -28.849189024
95.731252 17.914245 -45.560200550
95.645284 17.914106 -27.921306517
96.247133 17.713246 -42.047225449
96.162303 17.716659 -39.269826569
96.248757 17.518140 -23.620678649
96.160922 17.516584 -22.148608313
96.076568 17.714627 -24.220491455
95.988533 17.713211 -25.221360457
96.074706 17.516951 -26.033783536
95.988327 17.516051 -29.620755236
96.246344 17.321686 -38.732772448
96.163133 17.318921 -49.815676938
96.076942 17.317624 -31.229935693
95.989055 17.318715 -17.983731125
95.989027 17.174062 3.284742898
95.903512 17.714085 -44.941564358
95.817422 17.716365 -47.078108850
95.904255 17.517023 -21.067834640
95.817347 17.515697 -15.245512406
95.731119 17.715498 -36.558314326
95.645327 17.714800 3.201109046
95.731511 17.517305 11.618047336
95.645758 17.519304 41.249341484
95.903735 17.317721 -0.629985183
95.817278 17.318957 9.822424144
95.902414 17.165723 17.187749982
95.818162 17.158520 6.389049937
95.731600 17.319804 25.167685694
95.646211 17.316215 38.869915960
95.728800 17.150090 19.257016331
95.646135 17.143794 35.611907181
95.559253 20.094579 26.989304287
95.473313 20.094868 18.744572239
95.559381 19.896792 20.627294467
95.473290 19.896869 19.263454497
95.387303 20.095073 18.105735008
95.301262 20.094955 23.401783760
95.387288 19.896769 21.381267202
95.301271 19.896794 32.310251480
95.559623 19.698112 9.057873773
95.473253 19.698449 26.627285880
95.559386 19.500299 -18.209150394
95.473337 19.500326 20.581683074
95.387294 19.698645 35.200576119
95.301252 19.698513 29.296297233
95.387293 19.500352 27.653630221
95.301264 19.500297 10.871715746
95.215192 20.094951 23.868549996
95.129168 20.094981 13.086349049
95.215199 19.896814 28.961340185
95.128942 19.898661 10.357304573
95.043905 20.096719 2.429887346
94.957293 20.095533 -3.994633153
95.043105 19.894835 -3.410893813
94.956970 19.897014 -17.155113796
95.216295 19.700445 -0.176972334
95.128007 19.697905 -27.198818659
95.217119 19.500008 3.060509437
95.128464 19.499225 -3.037017872
95.042899 19.698572 -52.972663083
94.957291 19.698989 -69.399129662
95.043091 19.500037 -25.306115354
94.968843 19.510790 -53.843715280
95.559520 19.301656 -22.413693509
95.473293 19.301931 8.126667798
95.559397 19.103500 -30.688661960
95.473832 19.104001 -21.242289173
95.387286 19.302019 28.907551870
95.301283 19.302143 10.147965444
95.387026 19.104264 0.054525598
95.301237 19.103798 -0.387519225
95.558290 18.904484 -13.811189939
95.473342 18.904062 -16.738483599
95.558828 18.707700 -4.068569472
95.473504 18.707163 -14.441234730
95.386715 18.904863 -18.148906556
95.301031 18.905417 3.097286605
95.387536 18.707904 -26.875878228
95.301242 18.706968 -1.357930535
95.216856 19.302496 -6.897645094
95.129127 19.302054 2.653737810
95.216101 19.102753 10.377634745
95.128273 19.105763 4.976889330
95.043075 19.301797 -9.437388498
95.051394 19.113605 2.255084709
95.215696 18.907317 18.586504504
95.128435 18.904169 10.544168819
95.216008 18.704779 -5.515528176
95.135338 18.715823 7.840286804
94.871126 20.094787 -15.286887432
94.885694 19.909397 -35.817399157
95.559439 18.507500 0.435529140
95.472586 18.507769 -8.596917867
95.559319 18.310083 -7.217589752
95.473521 18.310178 8.825505002
95.387908 18.506522 -16.006202679
95.301301 18.508296 -16.696823567
95.387878 18.312540 2.630275450
95.301447 18.309201 -23.972294655
95.559465 18.112239 -12.382810633
95.474325 18.114795 -11.790244590
95.559392 17.913137 -12.424180280
95.474872 17.913961 16.484210603
95.386030 18.109531 -4.086254251
95.301298 18.112767 3.395643096
95.387165 17.914403 36.108205729
95.304027 17.918510 31.154578187
95.216105 18.510623 -18.649565352
95.218961 18.314613 -28.763164141
95.237338 18.129041 -8.323335303
95.559934 17.717505 31.393184260
95.473958 17.714649 40.630872215
95.559021 17.514821 37.284220285
95.473170 17.516893 34.803301923
95.386962 17.714830 39.921385658
95.320721 17.729872 31.720423697
95.388737 17.519646 33.217906171
95.558240 17.319439 40.530703057
95.475177 17.317370 37.386786529
95.559720 17.134576 43.800580165
95.474189 17.128849 38.403596813
95.403453 17.334156 29.379663473
