97.186332 22.725992 -59.467374170
97.185555 22.583107 38.936361139
97.259412 22.421989 73.673866222
97.184508 22.425247 39.583285245
97.266377 22.271502 79.807632038
97.186197 22.280439 45.931384879
97.103667 22.721161 -195.967204806
97.024749 22.713754 -188.383704860
97.104859 22.577501 11.457954431
97.024371 22.575619 8.262811183
96.943750 22.707542 -131.406089374
96.942970 22.577472 -6.213948949
96.861913 22.581597 -7.267533958
97.103829 22.427148 8.948394458
97.023439 22.428380 1.240900794
97.104151 22.280612 14.688592074
97.023859 22.278581 8.591085579
96.944121 22.425932 -13.683610913
96.861589 22.424012 -26.826801553
96.942458 22.277153 -3.370701226
96.861387 22.275402 -16.028412207
97.332310 22.117696 88.293186710
97.345122 21.970863 44.499301210
97.268331 22.122683 55.827132900
97.187938 22.121716 32.118393599
97.266639 21.975393 18.169781697
97.186057 21.967996 -10.433637020
97.349478 21.816208 12.384882883
97.421842 21.664850 31.135040135
97.345119 21.670947 8.847040193
97.266354 21.818966 -20.199368955
97.185000 21.820243 -42.025581090
97.267580 21.667045 -1.534538483
97.184976 21.667086 -22.180512446
97.101930 22.121168 11.240393948
97.023462 22.123764 -4.486704380
97.104488 21.968154 -11.790397632
97.022316 21.971290 -5.657423532
96.941558 22.121545 -8.831496819
96.861692 22.123303 -23.618617808
96.942773 21.972357 -5.739549033
96.862741 21.974669 -21.309366907
97.104459 21.820731 -44.471045732
97.023024 21.820511 -46.374346365
97.103239 21.666813 -37.152689865
97.024092 21.666055 -48.610424967
96.942343 21.820173 -42.034189493
96.864084 21.821998 -37.529435731
96.942918 21.665847 -57.319695077
96.862258 21.664953 -55.035157959
97.493563 21.350264 -168.788465637
97.508408 21.202426 36.748612089
97.510744 21.055728 94.811442231
97.576802 20.900367 159.215408203
97.509272 20.906443 98.204444879
97.588955 20.749413 164.862554970
97.508897 20.753207 94.869305383
97.661426 20.439918 201.379715885
97.589664 20.604074 183.249965562
97.509869 20.602616 103.046205577
97.591430 20.444989 229.557708513
97.508974 20.445143 155.137361923
97.427080 21.512363 6.961790857
97.347351 21.513710 30.986697600
97.427352 21.360819 -18.695989276
97.350278 21.364855 32.266359347
97.265015 21.516052 9.493817451
97.184879 21.516189 -6.635465489
97.266274 21.358983 13.242492307
97.184416 21.357574 -2.194531896
97.427723 21.209079 15.341318587
97.347699 21.207181 10.496911949
97.429050 21.055404 38.629083756
97.348138 21.055368 17.917707504
97.265888 21.210446 -1.205189471
97.185827 21.208207 -8.185519661
97.265247 21.058947 -12.924645575
97.185975 21.057805 -13.884171055
97.104510 21.513428 -11.115515077
97.023825 21.514888 -18.120277868
97.104208 21.362725 -4.077147742
97.024490 21.362501 -6.819665831
96.944507 21.513789 -20.574738750
96.862058 21.514108 -34.507750952
96.941243 21.359885 -16.542311418
96.861532 21.361156 -17.544408409
97.104859 21.209082 -19.816110953
97.024627 21.207718 -34.286023025
97.104696 21.058230 -28.009058379
97.023716 21.058124 -51.211910881
96.942419 21.210148 -33.178278830
96.861480 21.210330 -41.442834233
96.942694 21.058131 -44.583254744
96.862006 21.058838 -45.770985154
97.428329 20.905233 40.873838503
97.347880 20.905219 -3.703137807
97.429341 20.754278 57.189770058
97.346876 20.755818 -2.724270760
97.266445 20.904732 -27.443253314
97.186066 20.905766 -40.471010979
97.265897 20.754941 -13.347086910
97.185777 20.753742 -33.515875344
97.428821 20.601512 47.434021911
97.348212 20.602721 -12.780857768
97.427771 20.450015 62.919023577
97.347187 20.448054 13.797712229
97.265280 20.601983 -13.174106308
97.186129 20.602770 -43.043835148
97.266723 20.449281 -6.616362683
97.186360 20.448175 -35.601705958
97.105036 20.906451 -47.655381714
97.023213 20.906366 -51.486762766
97.104901 20.753446 -54.585552682
97.023623 20.754239 -42.808283287
96.942863 20.906105 -43.878738364
96.861729 20.905814 -42.015952071
96.943130 20.754690 -36.524507579
96.861683 20.754019 -37.674368220
97.104779 20.601704 -52.946492008
97.024460 20.603189 -63.012298957
97.104748 20.449782 -41.788637017
97.024274 20.447610 -49.025334392
96.949859 20.607064 -56.776632892
96.857702 20.603431 -55.025765258
96.945185 20.444093 -43.111752199
96.857686 20.446347 -33.026247807
96.780961 22.579321 -22.756741854
96.699423 22.580338 -202.677591824
96.619025 22.579802 -194.326319702
96.537467 22.572807 -16.410750047
96.779878 22.423667 -21.749604800
96.699132 22.424113 -27.460252813
96.780822 22.275962 -14.037266655
96.699742 22.275613 -4.690667080
96.617598 22.423819 -10.252682341
96.537650 22.427748 5.311717254
96.618820 22.275877 -1.215867350
96.538067 22.275695 -0.467350698
96.456906 22.572501 31.226907439
96.373961 22.579232 92.408273066
96.294525 22.704019 110.082724583
96.214255 22.698843 159.816113106
96.294983 22.579426 161.206203319
96.212778 22.578605 204.423799368
96.456998 22.428183 16.419570160
96.375792 22.426925 63.157567272
96.458679 22.276116 4.598026888
96.374459 22.276309 43.910537153
96.292933 22.430167 108.252790102
96.212973 22.425801 141.852493812
96.294799 22.275587 63.560244481
96.214152 22.275042 81.965639241
96.780849 22.123701 -5.440108193
96.700382 22.125740 -0.977210250
96.780209 21.972371 1.729786283
96.700220 21.968114 8.843801541
96.618438 22.125201 -17.131293951
96.538183 22.123999 -22.938678765
96.617706 21.968818 1.009835434
96.538670 21.972277 -17.064387558
96.779697 21.820975 -27.807940528
96.701070 21.820536 -16.218148252
96.780039 21.663218 -57.081802066
96.700156 21.662710 -54.802062165
96.617672 21.819642 -5.731261210
96.538639 21.822690 -5.183948455
96.618878 21.668601 -39.296415943
96.538267 21.669039 -24.635446243
96.457369 22.122507 -20.655503642
96.375714 22.124395 8.961985842
96.456138 21.972773 -28.151518984
96.376929 21.970697 -25.897977943
96.294690 22.124346 30.818694479
96.213734 22.123405 34.012684441
96.294623 21.970760 -18.974572114
96.213173 21.970706 -20.772639135
96.456325 21.818681 -18.357780601
96.375662 21.818820 -37.711459164
96.455572 21.667773 -13.939682260
96.375342 21.667902 -18.251031292
96.295530 21.820597 -23.779175602
96.213784 21.820028 -14.715675417
96.295583 21.666949 -8.030520391
96.214195 21.668010 7.896943626
96.137798 22.580111 212.376158471
96.140935 22.429087 176.174136629
96.144666 22.277843 99.537669173
95.785065 22.577338 23.514833280
95.729288 22.580475 -10.674738614
95.651199 22.574483 -76.726349874
95.570044 22.570980 -141.225783510
95.789184 22.427197 -29.498608054
95.726313 22.428068 -60.760065574
95.791977 22.273732 -78.961182255
95.728026 22.271685 -100.464096979
95.648019 22.422609 -113.263211688
95.585383 22.432591 -156.676462353
95.646964 22.275433 -147.690066966
96.147916 22.125387 44.329600107
96.151273 21.972007 -24.282977665
96.154841 21.823731 -38.445774184
95.795425 22.121707 -88.644784553
95.727920 22.123293 -103.722656995
95.798462 21.975282 -100.893359612
95.728365 21.976195 -124.567286150
95.657476 22.130637 -148.931788510
95.802282 21.817886 -70.886899311
95.731529 21.823612 -98.738817042
95.805666 21.665554 -35.437255977
95.746838 21.677055 -69.042990523
96.780609 21.512693 -53.476814010
96.698953 21.515869 -54.675946720
96.781020 21.361711 -39.770263356
96.701315 21.360339 -59.677742582
96.619727 21.512748 -40.919838691
96.537179 21.511460 -40.709146780
96.619012 21.361596 -39.931499042
96.537586 21.364265 -26.781699223
96.780552 21.210391 -22.855525100
96.700722 21.209055 -29.834374673
96.780475 21.058486 -53.181883373
96.700038 21.058400 -18.144725987
96.619300 21.210729 -45.461387556
96.537235 21.210346 -33.310002102
96.620545 21.053501 -39.251163700
96.536206 21.055557 -14.650179423
96.456794 21.512521 -32.298284395
96.374658 21.514866 -19.597478681
96.456253 21.363636 -19.288995520
96.376121 21.365512 -15.858485725
96.294969 21.515024 -3.897398644
96.215349 21.515696 3.342218164
96.296174 21.363369 11.527228499
96.212456 21.361783 47.170145476
96.456489 21.207807 -27.062749620
96.378195 21.210424 -7.596803518
96.457666 21.060527 -1.176042516
96.374349 21.056830 7.309699375
96.294363 21.213260 19.408631200
96.214237 21.210648 56.092231426
96.293700 21.056755 -14.637842415
96.214030 21.058966 24.187081442
96.780449 20.905860 -41.375647780
96.699848 20.905849 -23.564163098
96.780051 20.755237 -23.289892860
96.699859 20.753687 -10.752548427
96.619137 20.905067 -15.023549755
96.539296 20.906288 8.907988379
96.619093 20.753754 2.185300355
96.539443 20.756156 -0.492206725
96.780579 20.601874 -33.784561329
96.699902 20.601951 -16.233240552
96.781035 20.449207 -36.350735951
96.699286 20.449450 -17.126329423
96.619249 20.601764 -3.773493617
96.539018 20.601983 -14.489000007
96.619006 20.450424 0.796565236
96.540248 20.449164 0.993433968
96.456628 20.904998 8.504840208
96.374869 20.904384 -33.053882315
96.456171 20.753934 -41.146933146
96.374948 20.753416 -27.584803581
96.293884 20.902497 -36.335264360
96.217793 20.907694 4.115880622
96.294770 20.754028 -18.625533300
96.225369 20.757091 0.382837800
96.456448 20.603060 -47.631807163
96.375436 20.605231 -36.528237166
96.457432 20.450547 -77.851101533
96.374266 20.448088 -92.075604413
96.293992 20.601999 -40.669018243
96.232088 20.605459 -18.062099082
96.294428 20.448607 -63.774609811
95.808968 21.514888 -20.219051311
95.819928 21.369433 15.575397159
97.672072 20.296979 -121.564539734
97.671765 20.145148 -131.943267163
97.590710 20.296837 -123.621445555
97.509238 20.298094 92.069892975
97.590780 20.146388 -50.271061135
97.509438 20.146999 67.433495335
97.743811 19.987319 -60.285317935
97.672211 19.992501 -108.671499907
97.751485 19.842359 -53.227534632
97.670782 19.843916 -95.344146472
97.592853 19.991360 -107.509292666
97.511671 19.995905 43.081091269
97.593766 19.839634 -132.552836747
97.507745 19.837801 -12.871464903
97.819518 19.678225 -46.435515240
97.831023 19.537871 -21.657668646
97.833050 19.381986 -10.171252154
97.900589 19.223049 33.080154834
97.833250 19.230329 -18.642905707
97.752196 19.691366 -86.694692673
97.670611 19.689424 -132.613926512
97.751808 19.536336 -84.881314536
97.670299 19.536613 -144.502373062
97.591203 19.686003 -151.063453930
97.509957 19.685786 -67.490016488
97.591345 19.538464 -172.679751254
97.513214 19.539688 -157.193439750
97.752954 19.384967 -75.753518495
97.670800 19.387499 -144.544005442
97.753273 19.230251 -86.152930188
97.670626 19.229553 -153.608938203
97.590766 19.387112 -177.827060714
97.512220 19.385420 -167.498049176
97.588924 19.229223 -183.389216719
97.511725 19.228878 -175.233074984
97.428380 20.295079 58.584001928
97.347732 20.296960 24.478690083
97.427609 20.146078 49.337889009
97.347704 20.144956 35.295091579
97.266706 20.297097 9.710182414
97.185891 20.297089 10.211745404
97.266768 20.144638 25.022480408
97.185942 20.144870 21.364091123
97.426151 19.994624 59.902248316
97.346597 19.994588 55.917344272
97.427783 19.839058 102.083792797
97.349477 19.839124 56.982905569
97.266397 19.994087 37.362954931
97.187172 19.996339 16.574819529
97.266151 19.837232 22.360278931
97.186953 19.837266 11.452167030
97.105577 20.297871 1.894985536
97.023167 20.297759 -15.156665027
97.104225 20.143435 -3.747676675
97.023263 20.145290 -8.238393813
96.942900 20.297235 -3.328122828
96.860571 20.295948 -20.346806703
96.941307 20.152900 6.899599695
96.861813 20.144927 -2.016505654
97.103565 19.990650 4.219923015
97.025812 20.004262 15.197402986
97.106505 19.840788 29.283526884
97.020035 19.826918 52.485145069
96.942205 19.991867 47.522772880
96.862046 19.994217 30.337552507
96.944235 19.843072 57.232899292
96.860075 19.841640 41.878472948
97.429796 19.685765 148.923780355
97.346060 19.683071 97.350916479
97.426801 19.536106 151.416172563
97.347566 19.535700 122.249981739
97.266689 19.688475 38.374827177
97.186095 19.688702 28.810258306
97.266374 19.537855 64.846644136
97.186491 19.535938 44.295702527
97.426074 19.385434 95.018322218
97.348653 19.382692 91.526821700
97.425076 19.234339 79.124947078
97.347620 19.231697 83.481485246
97.266443 19.381841 75.566248730
97.185413 19.384927 84.839019377
97.267124 19.230777 88.795779113
97.187524 19.234904 118.245689390
97.103968 19.688289 43.523373155
97.023987 19.687889 52.364896224
97.104643 19.536306 33.409592852
97.024041 19.537364 40.640354080
96.943483 19.683809 47.312745902
96.862647 19.689079 51.766816272
96.943925 19.538296 56.315665280
96.861906 19.537174 57.967603510
97.105075 19.386298 72.406603423
97.025219 19.388310 50.978686825
97.104124 19.231711 105.277522855
97.024114 19.231859 111.428289066
96.942747 19.384670 59.922185396
96.860951 19.385477 71.724900047
96.944307 19.233736 109.225888751
96.861896 19.231886 105.550606715
97.913747 19.076561 28.035147196
97.833972 19.079258 -41.672845733
97.915768 18.932300 -26.629849082
97.833430 18.927941 -104.437626446
97.987118 18.771457 53.019273285
97.995379 18.623303 46.444376056
97.916601 18.774839 -34.818201118
97.833937 18.775372 -117.235086860
97.914905 18.623616 -37.990847933
97.835420 18.624897 -96.586566158
97.752192 19.079430 1.973036804
97.670739 19.078664 -22.194279023
97.752720 18.927465 -66.805230332
97.670410 18.929095 142.330514780
97.589866 19.079330 -186.065879128
97.509249 19.079602 -232.634906279
97.590158 18.927136 90.987213580
97.508827 18.927184 5.336642163
97.751256 18.776189 -6.171811263
97.671729 18.771677 106.430957202
97.751600 18.621672 41.693576811
97.670668 18.623386 99.684580759
97.589035 18.775813 84.214082765
97.509526 18.774143 72.155350792
97.587621 18.623541 66.575489146
97.509529 18.623763 52.248881490
98.059281 18.464392 121.979470272
97.994921 18.472263 51.208241524
98.069367 18.338024 115.554329480
97.994059 18.337592 34.841555120
97.914517 18.470021 -18.878240285
97.835169 18.470189 -78.559220626
97.914040 18.329049 -19.742445885
97.833878 18.321736 -73.579938104
97.750724 18.467785 -142.296853587
97.673092 18.470155 -93.414349546
97.751306 18.317632 -136.468427820
97.673470 18.318944 -180.317037074
97.589325 18.472161 88.588087654
97.508915 18.472348 73.412351685
97.591236 18.319639 -11.588068193
97.508152 18.322944 77.749135553
97.429162 19.080536 -79.609016805
97.346045 19.080205 107.965770675
97.430194 18.923402 -57.083030618
97.346664 18.927743 101.822852508
97.267530 19.080545 102.712858510
97.187084 19.080973 129.404541116
97.268778 18.926467 91.783288521
97.188198 18.928689 95.652081059
97.428663 18.774734 64.214170758
97.348183 18.775262 81.245009260
97.429216 18.623243 83.769025109
97.347437 18.623702 92.117113118
97.268137 18.775606 95.857585675
97.186952 18.776247 99.716647415
97.269284 18.623583 109.908876182
97.186214 18.625291 122.857798463
97.105398 19.084447 149.556440378
97.023734 19.078598 145.457343356
97.105094 18.928310 124.938228107
97.024911 18.930603 96.959796902
96.943854 19.080828 79.709547938
96.861653 19.079060 -42.228455940
96.942187 18.927502 -164.008603475
96.861392 18.928408 -181.014996468
97.104387 18.775618 120.268673608
97.024947 18.772822 96.945696871
97.104522 18.621076 146.142074242
97.024440 18.624229 71.495993493
96.942842 18.775609 -80.086305736
96.861202 18.773918 -163.290192905
96.943181 18.622674 -120.206963858
96.861065 18.623603 -137.782079677
97.427257 18.470069 88.564519620
97.349155 18.474418 85.175804979
97.431383 18.323352 48.266734537
97.347823 18.316964 -161.632240268
97.267903 18.474108 96.985668244
97.185229 18.472044 117.887891836
97.266551 18.316892 -96.738593688
97.185820 18.320274 -148.343087332
97.263969 18.169546 -166.753505746
97.185246 18.165928 -134.642714938
97.105885 18.471542 146.081281265
97.023664 18.470992 61.253336141
97.105676 18.316732 -56.424112250
97.022889 18.316574 -78.432155360
96.942586 18.472132 -102.479547568
96.861665 18.472791 -102.489331760
96.943487 18.315770 -80.916293447
96.861827 18.313831 -53.894508412
97.104470 18.163994 -114.872809361
97.023822 18.168685 -78.662106856
96.943306 18.169935 -38.811255204
96.858299 18.163530 1.323903822
96.857446 18.048487 26.547506421
96.780458 20.297356 -23.210124309
96.700132 20.297971 -5.678710560
96.780826 20.144955 -5.346056573
96.702212 20.148405 6.035706971
96.619838 20.299487 12.401276190
96.539016 20.300640 31.268677963
96.620558 20.147090 24.240987211
96.537396 20.146109 55.412826736
96.782498 19.996541 21.084650440
96.701174 19.998898 42.878374023
96.784161 19.841505 54.015873969
96.698502 19.834687 62.371608733
96.617153 19.994109 53.849648981
96.539741 19.993620 55.464082791
96.619530 19.835308 68.632345882
96.538528 19.838989 7.668618527
96.456621 20.297178 -53.742348211
96.373610 20.296325 -119.359721487
96.457637 20.148965 -32.703297974
96.374251 20.145903 -109.184988056
96.294235 20.295452 -77.566051509
96.300121 20.149925 -82.968356117
96.455819 19.990799 -0.818601135
96.375534 19.995822 -64.726634038
96.456547 19.836983 -56.875983791
96.374693 19.833574 -120.410545518
96.310476 20.004233 -81.733230988
96.781330 19.687547 54.033561437
96.700321 19.683306 69.897105039
96.781221 19.532606 69.338108938
96.700753 19.535290 43.821876787
96.619550 19.687110 76.683662009
96.539361 19.688533 51.256190747
96.619020 19.535450 -90.904084996
96.538080 19.535514 -178.853380641
96.781841 19.385974 76.119601097
96.700108 19.383928 -60.346354527
96.780094 19.230934 101.838873466
96.699911 19.232183 34.420354942
96.618641 19.384761 -182.115628546
96.537964 19.384316 -175.333896870
96.618768 19.231265 -66.100433336
96.536554 19.232749 -169.031847623
96.455745 19.690679 -128.462831972
96.373653 19.690609 -105.726058580
96.453631 19.533080 -147.375572301
96.387202 19.539247 -104.537857626
96.453224 19.382687 -135.101421839
96.398524 19.392724 -102.820866243
96.455468 19.230701 -126.983523523
96.780923 19.080026 -99.050769929
96.699260 19.079847 -198.340289299
96.780873 18.927477 -174.554058672
96.698802 18.923704 -168.485065500
96.617771 19.080616 -179.448349183
96.536262 19.074949 -139.766467727
96.617707 18.922042 -148.497376736
96.537604 18.925918 -109.480204704
96.779722 18.774467 -158.668784317
96.696285 18.772720 -142.261820648
96.779733 18.622355 -116.139050522
96.697312 18.623687 -91.068928924
96.617331 18.774266 -128.150465127
96.538339 18.774702 -95.681567611
96.618625 18.622742 -82.686440135
96.542707 18.628613 -58.263785251
96.463669 19.082826 -104.916211879
96.473738 18.933371 -80.585164064
96.777060 18.467900 -77.443454849
96.699922 18.469559 -49.246608471
96.777601 18.316727 -36.593162546
96.699806 18.318515 -9.173605145
96.619010 18.470625 -12.949043413
96.557235 18.482969 5.719741704
96.619183 18.319061 36.307389069
96.780543 18.165822 7.209380999
96.698974 18.165498 41.489808462
96.778958 18.040900 45.043836203
96.698873 18.032987 96.122393909
96.629238 18.171870 76.659549449
