96.320514 19.727902 -420.659824 0.695500 -0.128529 0.706937 0.848986525622 6.762485453
96.283144 19.950463 -60.913172 0.700989 -0.129014 0.701406 -0.927117093996 6.847663699
96.282898 19.910114 -401.940516 0.700322 -0.128905 0.702092 1.11098243507 6.629492596
96.300427 19.860411 -402.754081 0.698549 -0.128731 0.703888 -0.2662139708 8.275669034
96.282653 19.863129 -421.169645 0.699717 -0.128922 0.702691 1.08822929833 6.523411109
96.301798 19.822357 -397.490791 0.697969 -0.128710 0.704467 -2.81778693199 7.172708324
96.282645 19.820428 -426.754060 0.699165 -0.128906 0.703244 3.37034833801 6.307362528
96.265962 19.860864 -419.241123 0.700774 -0.129014 0.701620 1.13837559411 6.660727732
96.265962 19.821192 -449.954660 0.700244 -0.129024 0.702148 -4.15961437724 6.130665003
96.303986 19.771067 -435.229032 0.697135 -0.128697 0.705294 2.72251126318 6.104458736
96.283816 19.771422 -449.578833 0.698448 -0.128847 0.703966 -0.58789310789 5.671528868
96.304065 19.729701 -440.760130 0.696592 -0.128656 0.705838 2.02001277659 5.433846074
96.282977 19.730204 -441.577258 0.697984 -0.128781 0.704439 2.26568198204 5.098827086
96.263016 19.772266 -447.629743 0.699808 -0.129018 0.702583 -2.55953056375 5.177064634
96.247062 19.766322 -445.556627 0.700764 -0.129140 0.701607 0.895611636644 5.487529559
96.262222 19.730660 -440.613621 0.699329 -0.129001 0.703063 1.71465748485 4.492342107
96.242874 19.728412 -437.908965 0.700552 -0.129156 0.701816 2.32919427531 4.108547558
96.323644 19.683927 -407.764660 0.694735 -0.128426 0.707708 1.50351443737 6.243011451
96.324190 19.645377 -311.852967 0.694244 -0.128402 0.708194 1.24927417808 5.896045269
96.340451 19.599951 -326.243179 0.692562 -0.128227 0.709870 1.68225012942 7.661765825
96.324025 19.602845 -399.017099 0.693651 -0.128362 0.708782 -0.323651470636 5.933870022
96.343669 19.557121 -307.762760 0.691791 -0.128173 0.710631 3.47449384462 5.995107284
96.324552 19.559243 -391.344033 0.693038 -0.128367 0.709380 1.68855154514 5.060900284
96.361165 19.466036 -336.992330 0.689395 -0.127939 0.712998 0.883851418387 6.864624199
96.344999 19.513850 -367.337675 0.691090 -0.128159 0.711315 -0.263577268499 5.397154976
96.324380 19.513850 -393.380948 0.692451 -0.128327 0.709961 0.512022951635 4.954454419
96.344999 19.468012 -354.520998 0.690486 -0.128131 0.711907 1.60253937634 5.201565561
96.324380 19.469001 -367.539034 0.691871 -0.128297 0.710531 0.423849505243 4.854140272
96.364031 19.422897 -331.170751 0.688623 -0.127903 0.713750 0.207092297033 6.099666965
96.365617 19.379303 -306.878330 0.687943 -0.127858 0.714414 1.48703584599 5.530493616
96.344999 19.424152 -356.171643 0.689901 -0.128093 0.712481 0.933314714616 5.282868483
96.324380 19.423730 -368.617528 0.691279 -0.128209 0.711123 0.297084610817 4.884059322
96.344686 19.380538 -344.161106 0.689347 -0.128051 0.713024 0.670163054241 4.997135274
96.324380 19.379303 -355.745241 0.690685 -0.128231 0.711696 -0.561150839698 4.627474900
96.303584 19.684951 -398.048303 0.696064 -0.128635 0.706363 0.858693280672 5.445237066
96.285077 19.686451 -431.607647 0.697276 -0.128791 0.705138 1.98183063575 5.322323586
96.303571 19.645679 -421.139595 0.695542 -0.128597 0.706883 -0.0714048931582 5.447329875
96.284218 19.643980 -423.648348 0.696787 -0.128759 0.705627 0.619516708947 4.869900583
96.261336 19.684778 -433.910942 0.698809 -0.128925 0.703594 -0.242830646113 4.689971961
96.241907 19.685092 -429.714745 0.700074 -0.129081 0.702306 -0.135102675762 4.290166627
96.262096 19.643980 -426.264203 0.698229 -0.128936 0.704167 5.18390274048 4.466188096
96.242263 19.644179 -424.043049 0.699520 -0.129104 0.702855 1.15739574172 4.049571973
96.305402 19.603919 -418.181883 0.694876 -0.128563 0.707545 0.370811673851 5.258496651
96.282776 19.603257 -415.198029 0.696361 -0.128715 0.706055 0.708391428067 4.758799866
96.303762 19.557121 -411.301673 0.694385 -0.128488 0.708040 1.12859254966 4.716559282
96.283456 19.558205 -408.463270 0.695729 -0.128700 0.706680 -1.01184773445 4.400419494
96.262525 19.602869 -418.023132 0.697675 -0.128901 0.704723 -1.06827562492 4.060389589
96.241907 19.603548 -419.200925 0.699033 -0.129022 0.703353 -0.431143611707 3.724856519
96.261380 19.557793 -411.400189 0.697167 -0.128891 0.705227 5.61715316772 3.986091667
96.242210 19.559179 -394.735862 0.698454 -0.128995 0.703934 3.15738773599 3.599925824
96.228029 19.681642 -425.907684 0.700927 -0.129192 0.701434 1.63373722513 4.433479704
96.223632 19.641725 -420.548299 0.700696 -0.129242 0.701656 1.34870377932 3.785255347
96.221289 19.603548 -406.162749 0.700376 -0.129186 0.701986 1.97819527789 3.290028597
96.220986 19.559179 -399.129129 0.699820 -0.129214 0.702535 2.54058804157 2.972059927
96.205334 19.555204 -398.283442 0.700782 -0.129331 0.701554 1.773996794 0.987219483
96.304335 19.514605 -400.328193 0.693785 -0.128502 0.708625 -2.3189492692 4.522735049
96.282549 19.514477 -403.095874 0.695228 -0.128637 0.707185 -0.417111396529 4.118960090
96.303928 19.469001 -392.432808 0.693217 -0.128466 0.709188 0.07088364683 4.490780453
96.283144 19.470904 -392.002256 0.694615 -0.128648 0.707785 0.232558543839 4.428497261
96.262157 19.513559 -397.846446 0.696561 -0.128788 0.705845 1.18249079681 3.919173222
96.241907 19.513850 -391.146828 0.697890 -0.128964 0.704498 1.32650109489 4.013383576
96.262222 19.469720 -390.618594 0.695989 -0.128757 0.706414 0.823478435273 4.363587554
96.242532 19.469989 -377.893662 0.697286 -0.128940 0.705101 2.23580951086 4.410558094
96.303940 19.423449 -385.498259 0.692629 -0.128377 0.709778 1.60906035395 4.572872175
96.283739 19.421643 -388.716513 0.693942 -0.128549 0.708463 -0.399417726773 4.237260012
96.303762 19.379303 -373.023645 0.692059 -0.128368 0.710335 1.01523068749 4.253263803
96.283144 19.379303 -379.271777 0.693420 -0.128570 0.708970 1.42118418191 4.002338646
96.262170 19.423449 -378.162014 0.695386 -0.128773 0.707005 1.17683880056 3.983631369
96.242091 19.424152 -355.232778 0.696726 -0.128941 0.705654 2.26548255097 3.503609730
96.262525 19.379303 -349.784403 0.694800 -0.128741 0.707587 -0.332783964297 4.035242584
96.241595 19.378067 -359.989266 0.696156 -0.128908 0.706222 3.02646083164 1.537879548
96.221289 19.513850 -380.976931 0.699237 -0.129129 0.703131 1.72906785385 2.276629905
96.200855 19.513267 -346.571993 0.700572 -0.129289 0.701772 -2.29074723569 0.839035688
96.220664 19.469989 -359.599494 0.698715 -0.129154 0.703646 3.15891354282 0.987599619
96.200670 19.469001 -276.882829 0.700051 -0.129273 0.702294 -5.10896085344 1.521849835
96.186495 19.467472 -295.311184 0.700930 -0.129428 0.701388 -4.93301061872 3.421704494
96.220933 19.423449 -351.537602 0.698108 -0.129075 0.704261 0.0854334220173 0.899727055
96.200670 19.424292 -308.287145 0.699451 -0.129291 0.702888 -0.71109688282 3.842256661
96.221289 19.379303 -333.199625 0.697517 -0.129076 0.704847 0.741983710969 0.905399571
96.200670 19.379303 -317.094612 0.698876 -0.129210 0.703475 -2.06294914063 4.093842158
96.181621 19.420784 -306.250909 0.700650 -0.129387 0.701675 -1.3570588795 4.807755294
96.180052 19.379303 -303.875521 0.700221 -0.129375 0.702106 -1.43035681943 4.959662512
96.381367 19.332189 -333.781256 0.686225 -0.127680 0.716096 -0.341643330646 7.411023640
96.365617 19.334875 -352.182963 0.687322 -0.127807 0.715020 1.04500496702 5.373325055
96.384905 19.288026 -352.121066 0.685374 -0.127615 0.716922 -0.865648646947 6.100498238
96.365617 19.289605 -347.232920 0.686710 -0.127784 0.715612 1.09983850211 5.263442014
96.344821 19.333751 -354.787409 0.688708 -0.127998 0.713651 1.19922548265 4.919788647
96.324380 19.334594 -366.669047 0.690085 -0.128182 0.712286 0.873555958271 4.412209424
96.344999 19.289605 -357.759737 0.688108 -0.127925 0.714243 -0.0443685446454 4.811551797
96.324380 19.289605 -358.793604 0.689497 -0.128098 0.712871 0.10043364418 4.447114864
96.386058 19.244334 -353.026720 0.684704 -0.127547 0.717574 0.863038517322 5.625877665
96.365617 19.244756 -350.987688 0.686107 -0.127715 0.716203 0.721702604244 5.118469922
96.386392 19.199907 -345.431410 0.684079 -0.127505 0.718177 0.949341655779 5.486350344
96.365465 19.200626 -341.070047 0.685525 -0.127673 0.716767 -0.252100141544 5.110613516
96.344821 19.244615 -350.298870 0.687509 -0.127936 0.714817 -0.516637959589 4.618155647
96.324380 19.244756 -350.856375 0.688900 -0.128065 0.713454 1.19772897606 4.197502363
96.344999 19.200626 -341.142448 0.686911 -0.127884 0.715402 0.956816976349 4.799757524
96.324380 19.200170 -334.441600 0.688303 -0.128066 0.714029 0.0999623164535 4.509020848
96.405268 19.153803 -335.830984 0.682154 -0.127302 0.720042 1.16665476575 6.364054625
96.406541 19.109467 -327.206464 0.681465 -0.127218 0.720708 -1.78848494726 5.863910188
96.422604 19.063094 -318.073595 0.679713 -0.127037 0.722393 -7.28497405915 7.837195116
96.407209 19.065781 -313.659684 0.680816 -0.127210 0.721324 0.593086887638 5.843614530
96.426441 19.019695 -310.904837 0.678843 -0.126976 0.723222 0.227555360612 6.602494205
96.406532 19.022039 -308.157093 0.680266 -0.127142 0.721854 1.25926506519 5.568526675
96.386235 19.154917 -332.720446 0.683485 -0.127450 0.718753 0.943423688412 5.406611998
96.365439 19.154355 -330.451323 0.684899 -0.127652 0.717369 0.352691697035 5.010401649
96.386235 19.110208 -326.328567 0.682871 -0.127432 0.719339 0.355195554365 5.415554631
96.365617 19.110208 -325.393256 0.684288 -0.127611 0.717960 0.716390882912 5.083394232
96.344808 19.153396 -324.768010 0.686295 -0.127836 0.716001 0.501048744167 4.536904113
96.325335 19.154302 -321.435037 0.687635 -0.127980 0.714688 -0.111042764284 4.374774510
96.345302 19.109729 -320.918964 0.685670 -0.127796 0.716606 -2.06200798061 4.897225894
96.323693 19.109121 -307.011444 0.687140 -0.127980 0.715164 12.2978911124 4.549504169
96.386426 19.064906 -313.703421 0.682245 -0.127373 0.719943 0.942706605237 5.298957698
96.365262 19.064938 -309.540727 0.683700 -0.127583 0.718524 1.38569107931 5.010375976
96.386539 19.021230 -304.594047 0.681647 -0.127293 0.720523 1.23667603186 5.297171489
96.365950 19.022352 -300.916723 0.683083 -0.127487 0.719128 1.41183916716 4.908719368
96.344999 19.065359 -302.865013 0.685098 -0.127754 0.717161 2.26887369557 4.673104065
96.324380 19.065359 -287.534664 0.686512 -0.127932 0.715775 1.81076682869 4.782512090
96.344631 19.024879 -297.622467 0.684575 -0.127719 0.717666 1.79576708026 4.794174426
96.324380 19.020757 -295.294183 0.685903 -0.127896 0.716366 1.80505478509 5.475786530
96.303762 19.334454 -367.545922 0.691473 -0.128303 0.710918 0.241784206302 3.994835466
96.283144 19.334454 -368.044209 0.692840 -0.128506 0.709548 1.31692250311 3.612023639
96.303762 19.289605 -360.850501 0.690880 -0.128270 0.711500 0.772229578807 4.193498876
96.283144 19.289605 -352.839564 0.692261 -0.128442 0.710125 2.6208540029 3.710414734
96.262525 19.334454 -349.836481 0.694211 -0.128709 0.708170 0.333097976324 3.476403000
96.242091 19.334454 -343.970445 0.695562 -0.128880 0.706812 3.6173420536 0.943366281
96.262525 19.289605 -335.893370 0.693628 -0.128679 0.708747 3.0894138218 2.408580329
96.241751 19.289605 -315.684093 0.695013 -0.128847 0.707358 1.98208358843 0.779645947
96.303762 19.244896 -343.783224 0.690283 -0.128289 0.712075 1.52250230312 3.856407596
96.283322 19.245177 -343.928824 0.691653 -0.128467 0.710712 -0.835175715441 4.415023489
96.304683 19.204857 -334.649348 0.689700 -0.128200 0.712656 -0.40092487825 3.901496951
96.282946 19.207120 -332.091593 0.691183 -0.128418 0.711178 0.312252735274 3.233095049
96.263480 19.246115 -330.560410 0.693006 -0.128573 0.709375 2.14506853205 2.425331021
96.241525 19.246115 -295.542100 0.694473 -0.128792 0.707899 2.37270446023 1.130857912
96.262027 19.200959 -326.250127 0.692496 -0.128612 0.709865 0.400516356254 0.831779167
96.241263 19.199397 -325.999908 0.693856 -0.128775 0.708506 1.73377035393 2.883787396
96.221098 19.334907 -324.070144 0.696966 -0.129004 0.705406 -2.90584535025 3.861600684
96.201407 19.334454 -310.125357 0.698255 -0.129158 0.704101 0.979492882639 4.421368589
96.221445 19.289605 -302.235858 0.696361 -0.128987 0.706005 -6.90798779509 3.271755090
96.200670 19.290324 -316.329787 0.697726 -0.129144 0.704628 -2.49408922419 4.159321101
96.179640 19.334617 -288.583311 0.699673 -0.129394 0.702648 -10.8876697038 4.607780274
96.163982 19.333255 -298.164375 0.700664 -0.129518 0.701637 3.0912235779 5.746973502
96.180052 19.290593 -314.929655 0.699074 -0.129311 0.703260 -0.186860935543 4.659252639
96.159737 19.288885 -274.562872 0.700382 -0.129525 0.701917 -2.16029788288 5.161612867
96.220907 19.244303 -301.942943 0.695806 -0.128956 0.706558 -1.61344444752 3.546262386
96.201463 19.243501 -301.132793 0.697075 -0.129102 0.705280 -4.77184772491 4.032333125
96.221289 19.199907 -319.248444 0.695185 -0.128953 0.707170 -1.53285561519 4.726713955
96.200827 19.200154 -305.416851 0.696541 -0.129123 0.705803 -1.10959895914 4.490042426
96.179640 19.243940 -282.016665 0.698517 -0.129276 0.703819 -3.99979758263 4.696136979
96.159078 19.244615 -303.829244 0.699848 -0.129459 0.702462 -3.44898611662 5.210160870
96.180052 19.199907 -311.910235 0.697902 -0.129255 0.704433 1.9956768924 4.825133856
96.159746 19.200154 -222.595466 0.699274 -0.129432 0.703039 -1.20853432103 5.249923275
96.303762 19.149264 -313.177730 0.689025 -0.128182 0.713312 2.25337483382 4.649189689
96.282714 19.150301 -295.340950 0.690459 -0.128386 0.711887 -1.04344067526 2.742613827
96.304065 19.110688 -287.825569 0.688495 -0.128175 0.713824 1.79546703115 4.222987207
96.283487 19.111839 -265.392832 0.689912 -0.128335 0.712426 0.598291086827 1.179141870
96.262157 19.155057 -295.049244 0.691907 -0.128515 0.710457 4.65668676601 1.054984803
96.241539 19.155057 -261.488285 0.693285 -0.128753 0.709068 -1.91589548264 3.662828284
96.262994 19.115398 -266.123013 0.691334 -0.128508 0.711015 -0.579223994967 1.203722510
96.240258 19.113470 -207.825623 0.692856 -0.128702 0.709498 -3.55035133986 5.801645209
96.303762 19.065359 -291.297847 0.687916 -0.128074 0.714401 3.29063593174 5.792669076
96.283499 19.064656 -269.871002 0.689277 -0.128296 0.713048 -0.290954094844 0.969298622
96.303459 19.020270 -263.728920 0.687343 -0.128040 0.714959 5.62450878238 3.149114032
96.283295 19.020510 -266.088882 0.688702 -0.128252 0.713611 -11.1016611334 1.003869130
96.262974 19.061282 -245.656025 0.690632 -0.128432 0.711712 5.86646831144 4.030470683
96.240953 19.064302 -251.392522 0.692137 -0.128644 0.710209 -0.70625748415 4.786694452
96.262525 19.020510 -278.921929 0.690095 -0.128422 0.712233 -3.32982291597 5.762661706
96.241907 19.020510 -255.441041 0.691484 -0.128629 0.710848 -4.12898519556 4.835754809
96.221289 19.155479 -243.843644 0.694643 -0.128918 0.707708 -0.729144890033 4.482999748
96.200670 19.155057 -278.053314 0.695983 -0.129061 0.706364 -3.43226660531 4.898956861
96.221137 19.109969 -204.933262 0.694079 -0.128869 0.708271 0.545101621787 4.744840759
96.200670 19.110208 -249.167422 0.695411 -0.129033 0.706932 -0.329432155216 4.906732154
96.179874 19.155760 -272.457162 0.697357 -0.129250 0.704973 1.62386782683 5.218263232
96.159256 19.154636 -186.915421 0.698730 -0.129443 0.703577 -8.07048737078 5.641821008
96.179901 19.109489 -130.285002 0.696830 -0.129215 0.705501 4.78077009402 5.328040094
96.159434 19.110208 -170.956447 0.698153 -0.129406 0.704157 -0.728141062147 5.685522814
96.221467 19.064938 -256.119606 0.693439 -0.128813 0.708907 -1.79601430783 5.194582854
96.200670 19.065359 -224.443358 0.694836 -0.129004 0.707503 1.1890474947 5.519926946
96.221289 19.020510 -242.692220 0.692867 -0.128801 0.709469 -7.31309198016 4.947381796
96.201139 19.021005 -124.280387 0.694272 -0.128986 0.708060 -1.25427788691 5.304577649
96.180052 19.065359 -145.884746 0.696236 -0.129179 0.706093 -2.35743823449 5.769633493
96.159434 19.065359 -199.959047 0.697555 -0.129373 0.704755 -1.36746086785 6.068887485
96.179749 19.020270 -177.764892 0.695651 -0.129143 0.706677 -0.221486981671 5.678307645
96.159434 19.020510 -224.853631 0.696965 -0.129307 0.705351 -0.514926660517 5.986538816
96.143970 19.241638 -313.764304 0.700776 -0.129613 0.701508 0.00996373894095 6.576020626
96.141106 19.199605 -232.822983 0.700464 -0.129617 0.701819 -1.39944447428 6.358365983
96.141393 19.155057 -235.305955 0.699881 -0.129533 0.702416 -0.591649700485 6.630297517
96.127475 19.153427 -232.462864 0.700756 -0.129681 0.701515 -2.43444364369 7.050727141
96.141393 19.110208 -167.248858 0.699332 -0.129542 0.702960 -2.2220457284 6.579710556
96.127610 19.111981 -212.619040 0.700229 -0.129634 0.702050 0.88137581756 7.586510098
96.141393 19.065359 -157.230788 0.698758 -0.129513 0.703537 -0.483243832071 6.932816072
96.142321 19.022467 -227.232964 0.698110 -0.129447 0.704192 -2.27808429031 7.234377603
96.480374 18.711932 -253.182581 0.670710 -0.126110 0.730920 0.923783896901 7.463984957
96.483548 18.668637 -246.620083 0.669866 -0.126014 0.731711 0.329338200844 8.024253483
96.491763 18.596214 -229.250951 0.668238 -0.125837 0.733228 0.440499342955 6.317799925
96.504791 18.535325 -212.112575 0.666417 -0.125632 0.734918 1.05733294194 7.986698687
96.484172 18.535325 -209.996765 0.667911 -0.125861 0.733522 0.633268033051 7.063758613
96.504791 18.490476 -200.737344 0.665766 -0.125590 0.735516 0.0980572402029 8.498017608
96.484172 18.490476 -195.995729 0.667271 -0.125785 0.734117 1.03098935993 7.281260539
96.531092 18.415309 -186.130818 0.662743 -0.125217 0.738304 -4.01410876139 11.982408471
96.494065 18.420876 -182.387661 0.665543 -0.125597 0.735716 -0.734081685543 10.222361822
96.535526 18.331809 -173.091658 0.661184 -0.125064 0.739726 0.179017734125 10.873963118
96.494482 18.331466 -168.932506 0.664212 -0.125452 0.736942 0.227279798219 9.042637658
96.568807 18.241110 -154.627369 0.657363 -0.124568 0.743207 0.509747658364 15.023615054
96.576240 18.158327 -121.180116 0.655571 -0.124376 0.744820 0.472836865909 17.573451267
96.535560 18.245512 -145.083641 0.659917 -0.124920 0.740881 -1.1045931994 13.531711976
96.494587 18.245845 -141.473661 0.662952 -0.125368 0.738091 0.554338821901 13.003524526
96.535718 18.160567 -128.234335 0.658645 -0.124787 0.742034 0.613423951853 17.732632495
96.494734 18.160384 -115.159699 0.661686 -0.125271 0.739242 -0.709307731738 19.266857110
96.606792 18.064567 -106.630761 0.651834 -0.123897 0.748172 0.0933190273082 21.746838792
96.576859 18.070259 -105.897240 0.654189 -0.124269 0.746052 0.0323593779022 21.381111832
96.615822 17.977219 -98.242036 0.649805 -0.123650 0.749976 -0.128108590841 21.870650593
96.576810 17.980637 -92.414266 0.652843 -0.124080 0.747262 -0.398608416085 24.286526281
96.536010 18.070680 -98.931619 0.657285 -0.124674 0.743258 0.566142113646 24.817350591
96.494289 18.070488 -93.340975 0.660400 -0.125116 0.740418 -0.824637531607 31.529822707
96.535718 17.980828 -87.225155 0.655947 -0.124590 0.744453 -1.9113802408 30.726896224
96.494430 17.980746 -77.990127 0.659049 -0.125021 0.741636 2.72586668364 50.270386452
96.654540 17.811132 -70.495735 0.644222 -0.123000 0.754883 0.147440716624 20.919021070
96.618339 17.891324 -80.336794 0.648292 -0.123479 0.751312 0.0372381148178 20.865622001
96.576614 17.891207 -78.612660 0.651493 -0.123948 0.748461 0.525618966475 23.235025906
96.618707 17.818556 -72.301646 0.647127 -0.123404 0.752329 -0.386710179184 23.743197194
96.576955 17.815588 -68.098222 0.650306 -0.123833 0.749511 0.0225017476191 23.584689330
96.535718 17.891130 -72.816942 0.654592 -0.124461 0.745666 0.529093422751 26.788404241
96.495119 17.889911 -61.072973 0.657647 -0.124855 0.742908 0.324597001076 29.731155007
96.534325 17.814434 -56.301986 0.653545 -0.124319 0.746608 0.281773036606 25.065778841
96.494279 17.801591 -43.016567 0.656387 -0.124731 0.744042 -0.505982335046 22.740497539
96.489390 17.715910 -9.675364 0.655466 -0.124704 0.744858 -10.2572951253 20.957349284
96.428236 18.974000 -303.924193 0.678089 -0.126886 0.723945 -0.719979534891 6.248965626
96.406090 18.973698 -301.283287 0.679628 -0.127108 0.722461 -1.05824297017 5.686004247
96.427472 18.934889 -284.774172 0.677611 -0.126823 0.724403 0.937965226397 6.379501581
96.407209 18.935311 -286.465740 0.679022 -0.127066 0.723037 1.4375602482 5.875796493
96.447903 18.863650 -280.026059 0.675165 -0.126607 0.726721 1.31425882238 6.372063426
96.427828 18.894821 -286.020409 0.677023 -0.126781 0.724959 0.199461743326 6.621327074
96.407526 18.894649 -283.970440 0.678442 -0.126981 0.723597 -3.68950102634 6.089939054
96.427805 18.848216 -280.152063 0.676371 -0.126746 0.725574 13.208301791 5.747579180
96.406854 18.845354 -277.090759 0.677801 -0.126952 0.724202 -8.45464113287 6.056402322
96.387190 18.974906 -299.349966 0.680960 -0.127272 0.721177 9.1251110945 5.195870652
96.364626 18.974093 -296.755304 0.682514 -0.127452 0.719674 7.3359305919 4.651690867
96.386051 18.935763 -286.604168 0.680500 -0.127267 0.721612 -1.07092586733 5.288429422
96.366169 18.936346 -285.999378 0.681894 -0.127401 0.720271 0.522191774391 4.566951278
96.346287 18.973623 -289.653381 0.683769 -0.127636 0.718449 11.3228813948 4.067449489
96.323617 18.974906 -284.634721 0.685339 -0.127853 0.716913 3.53942258197 4.167163593
96.345233 18.935631 -281.999562 0.683324 -0.127616 0.718876 1.90616897941 4.121556871
96.324025 18.934468 -280.140290 0.684764 -0.127801 0.717471 0.138223945237 3.221174329
96.386726 18.896642 -278.690505 0.679920 -0.127189 0.722171 5.76285457611 5.918539994
96.366133 18.893302 -277.911557 0.681299 -0.127400 0.720834 0.644186615944 5.958150278
96.386648 18.846659 -272.314259 0.679233 -0.127145 0.722825 -5.45082429814 5.688009385
96.365402 18.849608 -273.355331 0.680746 -0.127371 0.721361 -0.49386070528 7.329449308
96.344712 18.890493 -267.074771 0.682744 -0.127602 0.719430 2.64559101819 4.910537295
96.323999 18.893665 -269.337445 0.684209 -0.127795 0.718002 3.17228140431 2.256096863
96.343762 18.847638 -269.396807 0.682222 -0.127547 0.719934 -6.83580369316 8.409543095
96.324864 18.849778 -244.589714 0.683565 -0.127733 0.718626 0.680049391988 1.258450634
96.463554 18.801302 -270.208199 0.673177 -0.126388 0.728601 0.814489305913 7.582936667
96.448090 18.804419 -271.568350 0.674322 -0.126520 0.727518 1.35384387294 5.947879027
96.465537 18.760825 -265.340178 0.672464 -0.126314 0.729272 1.22897868132 6.478642693
96.448090 18.759570 -263.244606 0.673688 -0.126481 0.728112 0.82053864686 5.314900943
96.427472 18.804419 -268.531032 0.675777 -0.126741 0.726129 0.0775358391264 5.522191713
96.407209 18.803716 -268.413957 0.677197 -0.126906 0.724775 0.877855872684 5.135254321
96.427628 18.760806 -263.628640 0.675158 -0.126665 0.726717 -0.73139616371 4.813922777
96.406854 18.760312 -261.298297 0.676619 -0.126851 0.725325 1.38002658438 4.650365286
96.465795 18.713835 -254.873520 0.671785 -0.126230 0.729912 0.492490735818 6.617029893
96.448268 18.714300 -249.827919 0.673040 -0.126422 0.728721 0.366344213765 5.671061720
96.466418 18.669872 -244.754093 0.671115 -0.126181 0.730537 0.438911230982 8.146146196
96.447787 18.669872 -245.364729 0.672446 -0.126364 0.729280 1.11905306274 6.858868755
96.427656 18.713556 -252.728278 0.674493 -0.126613 0.727343 2.25106443391 5.106148844
96.406498 18.714018 -245.663778 0.675998 -0.126820 0.725909 -0.0450015918141 4.272655422
96.427624 18.670592 -241.220272 0.673894 -0.126553 0.727908 0.496003091953 5.858588244
96.406854 18.669872 -234.524113 0.675354 -0.126778 0.726515 1.78958620807 4.749037431
96.386617 18.804268 -267.716851 0.678642 -0.127129 0.723383 4.773751108 5.128004773
96.366133 18.803604 -260.468310 0.680069 -0.127294 0.722013 -2.01176461214 4.311787915
96.386413 18.759289 -253.502393 0.678044 -0.127039 0.723960 1.66614910067 4.378704523
96.365617 18.759817 -242.354716 0.679506 -0.127256 0.722549 -0.121179196251 4.186785093
96.343495 18.803400 -254.292493 0.681642 -0.127488 0.720493 1.60325093819 3.919593741
96.324829 18.805306 -230.484277 0.682966 -0.127680 0.719204 0.985828036664 1.215640910
96.345160 18.759316 -219.252518 0.680934 -0.127444 0.721171 0.091042648754 1.358107819
96.323828 18.756367 -157.056837 0.682404 -0.127635 0.719746 -0.0356476008892 1.239253948
96.386058 18.714018 -237.642667 0.677441 -0.127008 0.724529 1.20976647626 3.638604357
96.365795 18.714300 -227.213744 0.678869 -0.127202 0.723158 -0.191214504499 3.004894895
96.386387 18.670592 -229.236690 0.676812 -0.126961 0.725125 1.1056129741 3.584335329
96.365769 18.669632 -214.055148 0.678254 -0.127155 0.723743 -5.47148853537 2.565891300
96.344821 18.714862 -210.037140 0.680349 -0.127388 0.721732 -0.994375893907 0.947239541
96.324933 18.714721 46.683229 0.681858 -0.127620 0.720266 -1.1197674552 2.999211519
96.344999 18.669872 -122.050415 0.679759 -0.127343 0.722296 -7.30839172225 1.082572933
96.324380 18.669872 62.282304 0.681285 -0.127576 0.720815 1.45052647934 3.061509999
96.303762 18.975661 -279.455056 0.686703 -0.128039 0.715574 2.05580269956 1.108474994
96.283144 18.975661 -263.909740 0.688110 -0.128216 0.714189 -1.54548513577 1.498355168
96.303940 18.934468 -277.674706 0.686136 -0.127985 0.716127 0.326976662183 0.887879224
96.283322 18.935311 -276.045161 0.687548 -0.128171 0.714737 2.58238794909 3.784733542
96.262525 18.975661 -267.696997 0.689500 -0.128389 0.712815 -0.296605087713 4.969776692
96.242085 18.975802 -272.787896 0.690869 -0.128582 0.711454 -3.2174134115 4.944535400
96.262894 18.934598 -255.767481 0.688930 -0.128357 0.713372 -0.790957391262 4.777540384
96.241552 18.934468 -208.993541 0.690396 -0.128508 0.711926 0.171807868512 5.050911821
96.303556 18.895259 -261.914437 0.685632 -0.127984 0.716609 -5.46816730499 1.062668805
96.282762 18.895477 -260.209572 0.687060 -0.128120 0.715215 -1.83958673757 3.766096120
96.304118 18.846175 -248.196341 0.684944 -0.127871 0.717287 -1.40701150894 2.266583153
96.282519 18.848033 -228.837645 0.686452 -0.128079 0.715807 2.44341213817 4.865523034
96.262525 18.894118 -260.448807 0.688408 -0.128322 0.713882 -1.30655435196 4.908988982
96.242304 18.895372 -260.441966 0.689789 -0.128499 0.712516 -1.42292265052 5.531848741
96.262525 18.849268 -176.002125 0.687853 -0.128263 0.714427 2.02256971821 5.094556043
96.241907 18.849268 -70.265718 0.689297 -0.128481 0.712995 -0.878759173621 5.478093071
96.221289 18.975661 -202.325953 0.692293 -0.128772 0.710034 -1.52251209745 5.200848366
96.200848 18.974958 -213.746741 0.693636 -0.128952 0.708689 -2.00131521232 5.479855268
96.221289 18.934889 -209.326214 0.691748 -0.128739 0.710571 -0.591845319322 5.327540349
96.200670 18.934889 -142.149216 0.693159 -0.128916 0.709163 -4.93863295391 5.732049698
96.180604 18.976535 -167.381490 0.695032 -0.129071 0.707298 -1.34380838711 5.998460930
96.159078 18.976083 -160.036028 0.696446 -0.129267 0.705871 -3.72734228679 6.229476830
96.180230 18.934468 -208.623740 0.694479 -0.129060 0.707844 -1.57400724634 6.072809800
96.159789 18.935592 -213.612890 0.695838 -0.129244 0.706474 -0.429736186854 6.670308441
96.220552 18.894700 -217.199938 0.691266 -0.128672 0.711052 -0.662348093361 5.854427522
96.201026 18.893977 -151.822069 0.692596 -0.128837 0.709726 -0.938454213949 6.196088310
96.221601 18.849516 -170.768857 0.690614 -0.128647 0.711690 -2.0283303193 5.767219437
96.200358 18.848527 -220.259060 0.692000 -0.128810 0.710313 -2.25528466601 6.124192990
96.179697 18.893977 -193.870725 0.693984 -0.129058 0.708329 -2.38541859707 6.544121927
96.162347 18.895004 -185.712265 0.695149 -0.129209 0.707158 -3.5378615699 7.459806476
96.180052 18.849268 -183.345778 0.693382 -0.128985 0.708932 0.365066456015 6.392204021
96.165448 18.851987 -184.675497 0.694383 -0.129130 0.707925 -0.0249075977945 7.928201376
96.303407 18.804841 -227.976016 0.684437 -0.127854 0.717774 -0.705149160758 7.689347521
96.282929 18.803400 -145.845480 0.685859 -0.128053 0.716379 0.788572311401 7.088464653
96.303762 18.759570 -99.872555 0.683856 -0.127847 0.718329 -4.34894502205 5.848092029
96.283144 18.759570 -2.552067 0.685322 -0.128034 0.716897 -1.89565458815 4.887912598
96.262525 18.804419 -141.872179 0.687264 -0.128232 0.714999 0.501723530142 5.916277421
96.241907 18.804419 -149.930609 0.688652 -0.128439 0.713626 -1.75218201716 5.686741615
96.262525 18.759570 -92.968326 0.686682 -0.128202 0.715564 -2.60234580973 4.789272635
96.241907 18.759570 -160.481152 0.688047 -0.128371 0.714221 -2.42849611348 5.024388547
96.303407 18.714862 -39.260832 0.683302 -0.127797 0.718865 1.41523325895 4.249701145
96.283144 18.714721 -94.124995 0.684660 -0.127990 0.717537 -1.62180047379 5.376180877
96.304065 18.669872 -10.641481 0.682652 -0.127754 0.719489 -0.155194700321 4.331287206
96.282841 18.669872 11.131914 0.684123 -0.127960 0.718054 6.11878838722 5.490062098
96.262525 18.714721 -106.929628 0.686064 -0.128166 0.716163 0.43730804215 5.983630585
96.241907 18.714721 -84.267644 0.687480 -0.128344 0.714772 -2.19134754585 6.287714559
96.262525 18.670352 1.228938 0.685517 -0.128137 0.716692 0.701704234258 6.352851547
96.241907 18.670366 -48.521623 0.686898 -0.128311 0.715337 -2.73950719833 6.963210071
96.221289 18.804419 -185.274503 0.690024 -0.128609 0.712268 -0.199216181018 5.832323708
96.201026 18.804560 -150.356216 0.691407 -0.128775 0.710896 -2.798109345 6.142144199
96.221289 18.759570 -112.640282 0.689460 -0.128583 0.712819 -4.10482124391 5.370859973
96.200670 18.759570 -124.111183 0.690842 -0.128755 0.711449 5.62343454361 5.721530905
96.179846 18.806213 -157.654934 0.692840 -0.128954 0.709467 -3.41434304838 6.407253699
96.182939 18.760223 -118.117526 0.692045 -0.128887 0.710255 -0.81405932374 6.679787312
96.221111 18.715143 -89.567235 0.688890 -0.128538 0.713379 1.86486686 6.519893631
96.200670 18.714581 -81.870427 0.690265 -0.128708 0.712017 -0.511866688728 6.822181021
96.221289 18.669872 -81.333094 0.688274 -0.128485 0.713982 4.37219887969 7.435669436
96.202270 18.672965 -62.727909 0.689611 -0.128655 0.712660 -2.10627893576 8.401370485
96.465795 18.625200 -236.598238 0.670525 -0.126121 0.731088 -0.0313026658424 9.356109552
96.448268 18.625726 -233.788776 0.671784 -0.126322 0.729896 0.0830277966776 8.095168742
96.466131 18.580174 -220.411484 0.669856 -0.126096 0.731706 -0.366148896576 8.025692311
96.448247 18.580174 -217.892538 0.671144 -0.126257 0.730496 1.01903129993 7.710431609
96.427650 18.624320 -230.610454 0.673242 -0.126494 0.728522 0.96741350714 8.219203771
96.406854 18.625023 -224.245949 0.674729 -0.126706 0.727108 -0.124893548242 6.302114108
96.427472 18.580174 -215.527785 0.672633 -0.126445 0.729093 0.177987628067 8.444621140
96.407005 18.579934 -209.965858 0.674084 -0.126671 0.727712 0.602024456734 6.391425323
96.466019 18.535502 -201.862505 0.669229 -0.126044 0.732288 -0.410673711487 6.605505711
96.448090 18.534622 -205.009691 0.670511 -0.126189 0.731089 -0.344803993008 6.311264256
96.466131 18.490476 -194.599536 0.668575 -0.125980 0.732896 0.78485169375 6.394722110
96.448090 18.490476 -186.238916 0.669885 -0.126141 0.731671 0.63938957316 5.534102169
96.427828 18.535747 -200.338513 0.671980 -0.126399 0.729703 0.337715834546 7.147612733
96.406498 18.535747 -193.744825 0.673503 -0.126612 0.728260 -0.821891391469 7.664814887
96.427472 18.490476 -189.220045 0.671360 -0.126365 0.730279 0.809343716822 4.831910251
96.407157 18.490956 -187.132816 0.672821 -0.126556 0.728900 1.1172388578 4.390717580
96.386413 18.624320 -197.310894 0.676178 -0.126906 0.725726 5.93189195749 3.963060618
96.365617 18.626080 -185.564288 0.677668 -0.127120 0.724297 -1.67293948944 2.211479223
96.387067 18.579911 -200.968129 0.675500 -0.126866 0.726364 0.161297690287 3.939914519
96.364930 18.579631 -123.047700 0.677101 -0.127069 0.724837 -1.01485388605 3.109633126
96.344999 18.625023 -2.007200 0.679197 -0.127317 0.722829 3.73367172681 1.923790156
96.324380 18.625023 17.697486 0.680645 -0.127502 0.721433 -3.01207673225 3.981444168
96.344999 18.580174 133.023876 0.678640 -0.127292 0.723356 0.0142795214479 3.751530595
96.324380 18.580174 -15.760480 0.680003 -0.127461 0.722046 1.00546825129 4.582681380
96.386235 18.535325 -186.895171 0.674937 -0.126817 0.726896 -1.69506925587 3.532240719
96.365426 18.534872 -24.496534 0.676489 -0.127025 0.725416 -1.276674181 3.120485448
96.385932 18.490956 -179.054237 0.674334 -0.126770 0.727463 -0.774308026274 1.600107399
96.365465 18.490716 31.906419 0.675893 -0.126982 0.725978 1.40710768074 2.392622553
96.344999 18.535325 36.226462 0.677966 -0.127211 0.724003 1.41959934754 5.703341844
96.324380 18.535185 73.619575 0.679425 -0.127413 0.722597 -3.76166081429 6.589477401
96.344999 18.490476 149.675806 0.677395 -0.127184 0.724541 0.220323470987 8.548562445
96.324693 18.490723 69.505818 0.678781 -0.127363 0.723212 1.74001854414 8.314324127
96.455905 18.420156 -175.117700 0.668306 -0.126000 0.733138 0.773676683507 7.680942815
96.427828 18.445205 -177.363742 0.670691 -0.126308 0.730904 0.526099623791 7.717075813
96.406301 18.444753 -174.313118 0.672226 -0.126527 0.729454 0.464614084522 3.833567892
96.427320 18.400538 -168.442325 0.670091 -0.126251 0.731464 2.05552114624 6.445557610
96.407157 18.401018 -175.072325 0.671543 -0.126443 0.730097 2.54125817388 5.406093893
96.456546 18.332061 -167.789269 0.666986 -0.125867 0.734362 1.39046159246 8.034862456
96.417003 18.331676 -119.312248 0.669869 -0.126264 0.731665 1.90125441551 7.213488136
96.386419 18.446792 -93.705608 0.673721 -0.126701 0.728043 0.572412724457 1.803571370
96.365795 18.445486 76.765216 0.675254 -0.126935 0.726581 0.0601928470289 3.900889016
96.386069 18.400778 -27.849019 0.673123 -0.126677 0.728601 -1.60013803794 4.731863764
96.365773 18.402261 166.123329 0.674692 -0.126883 0.727111 0.884292609459 5.087726520
96.344999 18.445627 122.191141 0.676748 -0.127142 0.725153 0.700509787072 7.723942758
96.324380 18.445627 -64.165282 0.678100 -0.127309 0.723860 0.875978390165 11.821907694
96.344999 18.400778 11.548626 0.676061 -0.127059 0.725808 -0.543279841853 5.959541704
96.324380 18.400778 -29.449122 0.677487 -0.127273 0.724440 0.949250513294 7.258815149
96.377202 18.329154 40.544276 0.672776 -0.126650 0.728925 2.06664178937 6.877614823
96.345205 18.358701 47.712473 0.675469 -0.127022 0.726366 -0.488415730385 7.636208776
96.324849 18.359635 16.785121 0.676900 -0.127231 0.724996 -2.97662138347 7.897641673
96.346598 18.309674 15.894274 0.674658 -0.126951 0.727131 3.65796163085 9.203526143
96.323276 18.311080 -16.809177 0.676310 -0.127182 0.725555 5.73646450043 8.521332635
96.303940 18.625164 -55.649193 0.682023 -0.127696 0.720096 2.5675263017 4.916512674
96.283144 18.625023 -14.098625 0.683477 -0.127893 0.718681 3.3241244411 5.785258433
96.303762 18.580174 18.147287 0.681455 -0.127646 0.720643 -2.85806501042 4.957289505
96.283447 18.580414 -77.014814 0.682807 -0.127852 0.719325 -1.56413224289 5.360112709
96.262907 18.624872 -26.239174 0.684856 -0.128089 0.717333 -1.74626237706 6.414430880
96.241552 18.624883 -60.593637 0.686302 -0.128254 0.715920 -2.130461847 7.221807540
96.262222 18.580414 -105.802651 0.684257 -0.128021 0.717916 -0.658624800848 5.855252307
96.241907 18.580174 -100.212407 0.685648 -0.128205 0.716554 -1.83894554697 6.479410448
96.304118 18.536028 -15.766318 0.680799 -0.127602 0.721270 -0.791377109727 6.134127108
96.282571 18.536382 -87.430891 0.682257 -0.127810 0.719855 -1.12609979449 6.241489837
96.303918 18.490229 14.845747 0.680191 -0.127574 0.721849 0.693117626889 7.445308198
96.282831 18.488993 -22.431940 0.681621 -0.127751 0.720467 -0.90561272757 7.413198379
96.262710 18.536490 -108.636776 0.683619 -0.127979 0.718531 -3.26665800039 6.557566348
96.241552 18.535747 -88.561091 0.685069 -0.128188 0.717111 0.716581190416 6.937066848
96.262374 18.489757 -27.334143 0.683045 -0.127933 0.719085 -2.98404543395 7.393111454
96.242376 18.491464 -22.092827 0.684442 -0.128144 0.717717 6.29735103756 7.609092288
96.219734 18.605155 -75.495658 0.687510 -0.128431 0.714727 -0.0962539091196 6.329835627
96.294452 18.423494 -52.430121 0.679889 -0.127568 0.722134 0.215059169768 7.525196944
96.257602 18.430840 -56.501143 0.682546 -0.127919 0.719561 -0.637865191 7.853951422
96.302216 18.361637 -39.506535 0.678487 -0.127445 0.723473 -0.743292458949 8.823429321
96.283512 18.354764 -17.826510 0.679709 -0.127624 0.722293 -4.24720464043 9.097167128
96.305266 18.307342 -31.243372 0.677519 -0.127346 0.724397 -0.719631923931 9.037184378
96.282525 18.307166 -44.418971 0.679100 -0.127577 0.722874 3.42948780274 8.630547963
96.456246 18.245845 -129.900078 0.665768 -0.125769 0.735483 -0.411610008186 13.408426226
96.416215 18.245376 135.879726 0.668812 -0.126207 0.732641 1.35794108749 11.973329423
96.455822 18.159515 -96.781230 0.664552 -0.125653 0.736601 -0.561993299543 20.929703933
96.416721 18.159486 63.388524 0.667495 -0.126052 0.733868 0.0730307545939 16.415144799
96.376195 18.246015 -7.937498 0.671628 -0.126576 0.729996 1.19849219165 10.298557923
96.334973 18.245397 -47.153793 0.674540 -0.126970 0.727238 -3.53415093225 9.000535698
96.376471 18.160694 6.588364 0.670383 -0.126505 0.731152 -5.29832465249 13.149912811
96.334424 18.160098 -10.070339 0.673382 -0.126895 0.728323 0.0610744461161 11.221897139
96.455741 18.070140 -15.558274 0.663277 -0.125581 0.737762 0.373026758414 29.758376443
96.417703 18.070798 -40.486732 0.666069 -0.125934 0.735182 0.765439417911 21.232262989
96.455548 17.980481 23.939119 0.661991 -0.125430 0.738942 -0.163654991325 37.064858956
96.418395 17.981094 28.689777 0.664744 -0.125795 0.736405 -2.76761979478 23.642027326
96.375652 18.071133 142.838572 0.669222 -0.126409 0.732232 1.25930240058 16.452588258
96.335950 18.075962 80.014712 0.672120 -0.126772 0.729509 12.1756750896 14.391069022
96.374895 17.983580 64.784326 0.667972 -0.126253 0.733399 1.62471044064 18.680055634
96.342656 17.988018 47.988258 0.670348 -0.126639 0.731160 3.93626710806 18.876037954
96.296465 18.249340 72.950235 0.677371 -0.127408 0.724524 -0.384279451541 8.537673224
96.304434 18.165542 2.048999 0.675594 -0.127204 0.726217 0.559131816909 10.393780243
96.456072 17.891086 16.070248 0.660620 -0.125284 0.740192 0.437829267277 30.002314949
96.416775 17.888455 33.411142 0.663490 -0.125734 0.737544 -6.49348116281 23.015113014
96.456604 17.801386 -1.222037 0.659220 -0.125197 0.741454 1.03777243082 23.544736443
96.415795 17.799268 23.443548 0.662241 -0.125597 0.738690 -1.0569334001 20.272408733
96.376176 17.890694 3.607066 0.666482 -0.126160 0.734769 -1.37778285377 19.878139595
96.382097 17.806887 44.922657 0.664847 -0.125960 0.736283 -0.814849997171 21.668517798
96.455934 17.711024 35.294938 0.657931 -0.125078 0.742618 -2.79818878119 19.013636098
96.417163 17.711272 54.036560 0.660842 -0.125483 0.739961 -1.76829027243 17.721361449
96.456439 17.622478 38.196887 0.656558 -0.124941 0.743856 -0.449920297158 16.316167376
96.420827 17.626898 49.078785 0.659301 -0.125335 0.741359 -0.0434227368298 15.601796056
97.893069 20.860947 206.521438 0.592956 -0.113696 0.797167 -4.39716656079 7.156953074
97.813507 20.862534 115.305614 0.599902 -0.114682 0.791812 1.75913439116 7.773704841
97.895000 20.686442 319.070090 0.589672 -0.113291 0.799657 -1.30720560352 7.907146730
97.813738 20.684655 276.908532 0.596800 -0.114298 0.794208 3.61179184405 8.439161812
97.881087 20.514294 96.406323 0.587646 -0.112994 0.801190 2.84756321879 9.935985476
97.814149 20.504820 383.558599 0.593574 -0.113951 0.796671 -1.15393285399 9.049009943
97.691221 20.899009 161.470951 0.611014 -0.116329 0.783026 -0.00251627837462 6.697990937
97.528986 20.912718 628.385163 0.624932 -0.118337 0.771658 0.426820956821 6.842498985
97.693168 20.597134 668.019074 0.605889 -0.115763 0.787081 -0.791727955375 7.193305582
97.530620 20.595087 600.854418 0.619501 -0.117678 0.776125 -0.153009447141 8.050299430
97.408814 21.013394 839.239495 0.636297 -0.119881 0.762073 1.41856263698 9.547316914
97.329313 21.020530 459.605487 0.642418 -0.120646 0.756799 1.17724792163 8.963432818
97.408997 20.861740 304.490272 0.633561 -0.119570 0.764397 1.44039268938 8.891070058
97.329391 20.862810 645.415516 0.640038 -0.120421 0.758848 -0.359556167949 8.797814927
97.246230 21.027915 180.378758 0.648746 -0.121489 0.751245 -1.66111219186 8.492836263
97.163657 21.034179 54.159606 0.654982 -0.122317 0.745679 0.0586828041642 8.127157940
97.247050 20.863399 500.230224 0.646323 -0.121306 0.753360 1.08213466652 8.703653192
97.164724 20.863060 365.991187 0.652493 -0.122113 0.747891 -0.644276183243 8.641767457
97.368048 20.593728 919.815393 0.632846 -0.119598 0.764985 -0.727897254714 8.035851228
97.206077 20.595698 337.582146 0.645230 -0.121341 0.754290 0.127557471254 7.711285840
97.084681 21.038718 192.022446 0.660955 -0.123102 0.740259 0.115144528675 7.930089679
97.004896 21.038794 200.919108 0.666740 -0.123892 0.734921 -0.290835944267 7.977700490
97.085176 20.864489 784.835586 0.658658 -0.122989 0.742323 5.77647511214 8.788062051
97.004394 20.863676 213.887045 0.664249 -0.123699 0.737206 0.219611724595 8.793672307
96.922228 21.038397 106.134068 0.672573 -0.124615 0.729463 0.141456429367 8.127681119
96.839977 21.039003 392.778773 0.678490 -0.125326 0.723840 -0.814047374998 8.414479298
96.922528 20.862885 109.004069 0.670072 -0.124391 0.731799 -0.201516527281 9.003424721
96.839746 20.863503 287.553599 0.676011 -0.125162 0.726184 -0.368346285203 9.394272097
97.043185 20.593885 681.077614 0.657685 -0.123046 0.743176 -0.476571388969 7.829205178
96.879475 20.595168 155.827294 0.669339 -0.124536 0.732445 3.27354808594 8.402447025
96.718949 20.948364 413.707038 0.685550 -0.126266 0.716993 -0.198315619517 6.861453407
96.558406 20.945627 475.883406 0.696205 -0.127601 0.706411 -0.374499104154 7.070704604
96.718393 20.594430 607.616960 0.680870 -0.126012 0.721482 0.0441425280031 10.228868694
96.556361 20.594178 750.992519 0.691894 -0.127395 0.710671 0.531045338018 6.819381821
96.444023 20.674988 -171.349209 0.699809 -0.128235 0.702726 -0.131344560577 7.398482267
96.455822 20.549455 79.061777 0.697565 -0.128085 0.704980 -0.97125514894 9.573446563
96.417163 20.549455 318.778575 0.700193 -0.128405 0.702312 0.511529202801 7.843909164
96.455822 20.459757 -71.273768 0.696328 -0.128008 0.706216 0.00019633794946 9.428196244
96.417163 20.459757 163.643460 0.698965 -0.128330 0.703548 -0.999305145305 7.694784684
97.816606 20.262849 125.183896 0.588813 -0.113279 0.800292 0.152486973086 9.243544365
97.692023 20.239182 -85.739954 0.599251 -0.114926 0.792269 -1.83380182433 8.849353801
97.530208 20.239351 724.412703 0.613564 -0.117018 0.780926 -0.72769236894 13.313400084
97.692709 19.888164 72.771899 0.592974 -0.114092 0.797098 -0.132770337001 9.264275202
97.529275 19.883772 431.018238 0.607331 -0.116274 0.785894 0.906567478019 16.549779413
97.367549 20.239389 669.452471 0.626971 -0.118962 0.769906 -0.508502321339 12.963965018
97.205854 20.239383 221.225385 0.639610 -0.120741 0.759158 -0.473135131787 10.574965250
97.368542 19.884973 131.687315 0.620693 -0.118285 0.775080 -0.691703305776 15.795670001
97.205481 19.884599 267.711161 0.633991 -0.120207 0.763941 -0.231495670101 11.296649624
97.664434 19.551945 -198.116437 0.589204 -0.113665 0.799949 4.72476859506 10.246085908
97.531087 19.531512 197.308430 0.600826 -0.115517 0.790989 -0.0701111001354 13.133059790
97.531182 19.175530 -204.137020 0.594205 -0.114639 0.796102 1.66020432242 12.527153237
97.367899 19.529529 174.710154 0.614757 -0.117556 0.779907 -0.246623134497 13.794762000
97.206573 19.529016 457.022055 0.628227 -0.119544 0.768792 -0.417419990875 11.333617141
97.367892 19.174913 -111.592861 0.608476 -0.116789 0.784931 1.52528520629 14.064964120
97.205327 19.176605 188.842215 0.622326 -0.118906 0.773674 2.510912135 11.752566602
97.509666 18.838196 15.439687 0.590091 -0.114154 0.799226 0.426077463366 14.608572040
97.367726 18.820713 -164.248405 0.602229 -0.116011 0.789849 -0.327819187873 19.079118129
97.205639 18.818532 340.239794 0.616330 -0.118196 0.778567 4.2402590685 13.673237764
97.368135 18.465512 218.311714 0.596029 -0.115267 0.794647 -3.65425705119 17.784647192
97.205638 18.466107 611.033643 0.610406 -0.117484 0.783328 0.603905204921 16.135112383
97.357228 18.124368 168.318814 0.590752 -0.114594 0.798674 -0.597258456302 9.282110604
97.205872 18.112088 709.436688 0.604219 -0.116725 0.788223 0.441377252941 9.446315033
97.208541 17.845938 1003.023835 0.599396 -0.116095 0.791989 -0.805432786499 9.691800671
97.043916 20.240970 797.226900 0.652385 -0.122573 0.747910 -0.210055334348 10.379148191
96.879543 20.241452 495.194208 0.664417 -0.124114 0.736984 0.549074964038 12.051366848
97.044570 19.883806 320.610852 0.646597 -0.121997 0.753014 -4.45128154755 10.332161611
96.880782 19.885584 832.499812 0.659258 -0.123743 0.741665 -7.19100335283 10.409968161
96.718483 20.238973 751.137888 0.676017 -0.125649 0.726095 0.506450715141 14.076131981
96.556329 20.239868 197.921510 0.686889 -0.127050 0.715571 0.296571828435 6.649654066
96.718726 19.884851 471.597397 0.670836 -0.125272 0.730949 -2.15498097779 8.688983403
96.597311 19.975337 -167.976708 0.680302 -0.126365 0.721956 -1.27727464973 9.562770776
96.514833 19.974847 251.860419 0.686166 -0.127120 0.716251 1.92017660441 7.616175166
96.597411 19.793639 19.912618 0.677879 -0.126195 0.724262 -0.501172371382 8.565474095
96.514939 19.794645 290.739479 0.683726 -0.127008 0.718602 0.807795002651 6.829877762
97.043131 19.529001 640.276245 0.641345 -0.121432 0.757583 0.326196985208 10.845132254
96.880957 19.529675 899.821734 0.653948 -0.123206 0.746440 -0.422572849269 10.853566276
97.043410 19.175283 -60.076679 0.635298 -0.120775 0.762764 3.47917828863 11.630262471
96.881047 19.175038 475.440342 0.648281 -0.122633 0.751460 3.67306876581 11.744131164
96.718484 19.529732 922.410623 0.665984 -0.124847 0.735444 1.64005118547 7.727255694
96.597615 19.619715 249.311507 0.675551 -0.126045 0.726460 1.17155253515 7.521154894
96.535718 19.664706 107.648447 0.680423 -0.126637 0.721794 1.13324748305 9.014101502
96.494482 19.664706 -66.876016 0.683174 -0.126979 0.719132 1.60421562355 7.962648350
96.535718 19.579085 53.930918 0.679202 -0.126589 0.722953 0.748925563113 8.317007925
96.494482 19.579085 201.487343 0.682141 -0.126932 0.720119 0.207636396058 7.275374580
96.597467 19.444329 258.497540 0.673079 -0.125907 0.728774 1.10807828367 7.206614740
96.535718 19.489387 325.950366 0.678108 -0.126472 0.723999 -3.34000251322 8.032568146
96.494626 19.489272 455.277369 0.681029 -0.126869 0.721182 -0.286525480996 6.929942050
96.535718 19.399689 483.274824 0.676929 -0.126442 0.725106 -0.364288584717 7.980456558
96.494482 19.399689 488.629443 0.679813 -0.126809 0.722339 3.31795091866 6.860701180
96.718727 19.175256 123.815927 0.660312 -0.124371 0.740621 1.83987871859 7.271445260
96.597494 19.265267 512.767921 0.670662 -0.125710 0.731033 -1.14846819983 6.963818704
96.535718 19.309991 566.905365 0.675724 -0.126305 0.726254 -1.45295838936 7.892787757
96.494482 19.309991 338.448737 0.678484 -0.126717 0.723604 1.94616276059 6.761360150
96.535911 19.220559 422.803716 0.674360 -0.126247 0.727530 -0.324697113206 7.612004724
96.494945 19.220211 -75.263966 0.676986 -0.126527 0.725038 -3.74387462928 6.487027272
96.617997 19.131056 35.955335 0.666991 -0.125317 0.734452 0.721664187126 9.592596501
96.576955 19.130594 527.701440 0.670215 -0.125726 0.731440 0.765635912867 8.308497685
96.618241 19.041013 167.546940 0.665742 -0.125167 0.735609 1.27826486277 9.334096250
96.577247 19.040973 -90.301932 0.668565 -0.125593 0.732972 -1.19739940744 8.100979826
96.535524 19.131210 289.144332 0.673051 -0.126126 0.728762 -5.3812442599 7.124298263
96.495969 19.133411 -160.156649 0.675647 -0.126433 0.726303 1.57984568396 6.369341498
96.536010 19.040435 -267.288435 0.671426 -0.125953 0.730289 -1.0621184226 6.944453335
96.495263 19.037807 -281.908561 0.674276 -0.126358 0.727589 -3.45296702159 5.933276304
96.455674 20.374136 123.418316 0.695335 -0.127928 0.707208 1.0562447495 9.514019833
96.416950 20.374389 221.085515 0.697919 -0.128237 0.704602 0.454143095478 7.735973076
96.455687 20.288730 259.712384 0.694293 -0.127871 0.708241 1.06957009579 9.646676722
96.417259 20.288477 425.147524 0.696896 -0.128194 0.705622 1.47329448682 7.870517409
96.376351 20.373380 236.655938 0.700531 -0.128607 0.701937 0.29005055648 6.704162346
96.376315 20.287977 -163.780217 0.699236 -0.128504 0.703247 1.61752814234 6.812534395
96.346873 20.280917 -299.036832 0.700983 -0.128667 0.701476 -0.613606199506 8.684481543
96.455822 20.198817 -94.209480 0.692919 -0.127779 0.709603 0.397613453856 9.558369167
96.417163 20.198817 224.298633 0.695633 -0.128115 0.706881 -2.88039195085 7.892544401
96.455958 20.108990 605.764386 0.692095 -0.127765 0.710408 1.96598512985 9.381147395
96.417356 20.109005 290.412195 0.694485 -0.128045 0.708022 1.019337435 7.868240507
96.376023 20.199084 -26.669731 0.698184 -0.128457 0.704299 0.971139616899 6.803168071
96.339347 20.195231 -286.394145 0.700372 -0.128721 0.702075 -0.936205951076 6.377130573
96.375734 20.109005 -166.107103 0.696966 -0.128394 0.705517 -1.03850978883 6.874351079
96.334690 20.109119 324.060631 0.699890 -0.128753 0.702550 -1.15300544874 5.954983672
96.455822 20.019421 499.059894 0.690854 -0.127735 0.711621 0.551220718106 9.319148596
96.417307 20.019612 1131.511406 0.693756 -0.128067 0.708732 0.786984161844 7.828184805
96.455822 19.929723 97.670756 0.689449 -0.127628 0.713002 -0.609272642883 9.305511763
96.417361 19.930664 -144.191397 0.691912 -0.127877 0.710567 -0.286595738165 7.913718031
96.375830 20.019307 598.574355 0.696206 -0.128341 0.706276 0.504460158663 6.835836405
96.334690 20.019421 523.024201 0.698842 -0.128712 0.703600 3.08594244431 5.970041629
96.375431 19.931134 420.528393 0.694979 -0.128319 0.707487 -0.535203651068 6.826596126
96.335772 19.931925 -164.823988 0.697283 -0.128588 0.705168 1.91313517324 6.024745448
96.455795 19.840068 -261.028994 0.688073 -0.127463 0.714359 -0.109365299771 8.811870829
96.417408 19.840141 9.503758 0.690791 -0.127817 0.711668 0.6711014003 7.562899169
96.455987 19.749633 -6.233426 0.686970 -0.127457 0.715421 3.19329911629 7.809476632
96.417455 19.749634 -204.693030 0.689464 -0.127756 0.712964 2.08638123632 6.616679780
96.375875 19.841357 -31.694134 0.693537 -0.128207 0.708922 -1.28602648535 6.685162959
96.337589 19.841758 -261.016202 0.695953 -0.128449 0.706506 -2.4417886734 6.001546115
96.376221 19.749123 -169.251520 0.692236 -0.128069 0.710216 -1.77845319015 5.698373029
96.341391 19.753821 -206.723914 0.694586 -0.128344 0.707869 3.09971128202 5.986372092
96.455822 19.664706 216.076994 0.685953 -0.127396 0.716407 -1.16611594578 7.354732412
96.417163 19.664706 214.785376 0.688577 -0.127682 0.713834 2.62434552448 6.236251104
96.455822 19.579085 101.816426 0.684730 -0.127314 0.717591 -1.62715478225 6.651665428
96.417163 19.579504 -47.464838 0.687283 -0.127641 0.715087 3.71983002492 5.624799648
96.375926 19.665546 196.154039 0.691342 -0.128035 0.711093 -0.250352164584 5.389096552
96.348091 19.668987 -190.560719 0.693028 -0.128279 0.709406 -0.683879517797 6.831959343
96.376283 19.578883 -88.544060 0.690009 -0.127975 0.712398 0.952737209334 5.047900272
96.455822 19.489387 28.611553 0.683478 -0.127168 0.718808 0.770091746395 6.294922653
96.417361 19.489622 -195.643762 0.685986 -0.127502 0.716357 0.919305195477 5.254670535
96.455822 19.399689 537.776495 0.682511 -0.127177 0.719726 -0.64861464615 6.273694321
96.418022 19.399849 -83.516990 0.684785 -0.127408 0.717521 -1.43268577432 5.155092954
96.381837 19.493355 -333.695884 0.688361 -0.127840 0.714014 0.590994185963 5.302032692
96.387954 19.405578 -283.043861 0.686793 -0.127714 0.715545 1.67019073803 6.721998261
96.456525 19.312307 -240.980043 0.680847 -0.127005 0.721330 -1.29445549395 6.212259805
96.417217 19.312454 -282.253663 0.683544 -0.127306 0.718721 4.11567412227 5.006447574
96.455762 19.220672 -177.210444 0.679663 -0.126938 0.722457 0.665333722654 5.881831833
96.422244 19.223438 -204.533378 0.682010 -0.127233 0.720191 -1.53071653843 5.543291279
96.454504 19.131163 -309.292221 0.678446 -0.126790 0.723626 1.52344947919 5.576878514
96.429620 19.136031 -332.340223 0.680235 -0.127015 0.721906 1.59133073078 6.959965082
96.455909 19.041400 -316.678393 0.677088 -0.126688 0.724915 -0.772681818117 5.618395812
96.120717 19.034282 -195.818262 0.699690 -0.129612 0.702591 1.44646599141 6.742617368
96.105428 19.033298 -196.345858 0.700658 -0.129790 0.701593 -2.72980638625 5.895816242
97.043665 18.820561 2092.628013 0.630691 -0.120398 0.766638 -0.340728197562 13.602210197
96.880889 18.820734 783.936057 0.642927 -0.122125 0.756128 -2.10576969656 21.920077121
97.043396 18.466642 738.385349 0.624103 -0.119599 0.772134 -2.72253491074 14.779560622
96.883527 18.468298 474.438128 0.636938 -0.121480 0.761283 -1.28439869465 18.299886535
96.720611 18.825422 340.258074 0.655045 -0.123876 0.745366 0.190001029239 7.564403365
96.618192 18.955275 -228.288686 0.664278 -0.125023 0.736956 3.64960689997 9.318406180
96.577443 18.955790 -240.158792 0.667240 -0.125452 0.734201 -2.55509143023 8.015823727
96.619890 18.871600 -252.171089 0.662909 -0.124909 0.738207 0.401425989726 9.268550598
96.574503 18.868759 -255.520648 0.666186 -0.125341 0.735178 0.184663693905 7.679948030
96.535393 18.955275 -279.310799 0.670245 -0.125855 0.731391 5.13230722045 6.902926404
96.494106 18.954596 -294.106181 0.673170 -0.126276 0.728626 2.07368585677 5.975189723
96.535426 18.869808 -239.585063 0.669038 -0.125728 0.732516 -2.17809447013 6.655246444
96.493875 18.869574 -280.040661 0.671991 -0.126138 0.729738 4.64175280937 5.678035838
96.618771 18.781179 -199.149134 0.661689 -0.124780 0.739322 -14.0287663461 9.217206593
96.576594 18.780446 -260.141091 0.664743 -0.125194 0.736507 2.49990261905 7.490324170
96.615369 18.684337 -43.754791 0.660584 -0.124723 0.740320 1.52702810145 9.696044399
96.576806 18.689317 -248.281634 0.663393 -0.125088 0.737741 0.885014346292 8.177416788
96.535718 18.779956 -269.568090 0.667693 -0.125657 0.733755 0.273714578314 6.215935962
96.496421 18.783858 -266.447389 0.670583 -0.126045 0.731048 1.33984786413 5.161070356
96.535718 18.690296 -250.170656 0.666407 -0.125510 0.734948 0.270429670811 6.890417076
96.504791 18.696481 -250.636948 0.668733 -0.125845 0.732775 1.02520909338 6.448089095
96.715278 18.459943 -202.274056 0.649573 -0.123308 0.750233 -1.98302647517 11.830536023
96.597668 18.554466 -222.565260 0.659865 -0.124717 0.740961 0.135189518199 7.574391680
96.536535 18.602215 -233.230805 0.665066 -0.125413 0.736179 0.996740300291 7.411405395
96.543526 18.516618 -212.075011 0.663309 -0.125222 0.737794 -0.157583011173 7.754384674
96.601107 18.380126 -187.382951 0.657015 -0.124439 0.743537 -0.486575411415 10.985316999
97.044555 18.111132 114.522680 0.617655 -0.118829 0.777420 -0.319557593749 9.687934699
96.882848 18.105643 -83.573899 0.630793 -0.120806 0.766489 -10.2430504263 9.580196021
97.042214 17.862434 -33.011512 0.613514 -0.118266 0.780777 -1.39863509128 10.555369959
96.882120 17.843873 -62.813804 0.626540 -0.120331 0.770044 4.32019367016 10.474046433
96.718885 18.110720 -137.151037 0.643885 -0.122729 0.755215 0.0107216320856 9.706098708
96.158609 18.774738 -69.981654 0.693878 -0.129140 0.708419 -2.44911853193 5.712148341
96.166847 18.685356 -105.939461 0.692131 -0.128966 0.710156 -0.434893197898 6.214241105
96.169694 18.600945 -85.722218 0.690827 -0.128869 0.711443 -0.946846691901 6.259846237
96.205356 18.505726 -61.181209 0.687145 -0.128487 0.715068 -2.34427508255 6.420370906
96.169743 18.510862 13.907841 0.689670 -0.128796 0.712578 2.50659549671 6.432619213
96.245129 18.328117 -19.915915 0.682015 -0.127906 0.720066 -2.51038667035 7.261930232
96.210980 18.421164 -41.026968 0.685627 -0.128338 0.716551 0.0271679704205 7.194322873
96.169443 18.421758 -23.468188 0.688468 -0.128732 0.713751 -3.01652738244 7.229668179
96.210139 18.332529 49.878756 0.684514 -0.128303 0.717620 1.96936746718 7.330261619
96.169446 18.330525 -19.704773 0.687238 -0.128630 0.714953 2.69045290347 7.710637774
96.126814 18.952841 -193.424675 0.698232 -0.129554 0.704051 1.43122225194 5.910994512
96.097300 18.952300 -150.091216 0.700171 -0.129788 0.702080 -0.938073269989 5.541623461
96.131435 18.870766 -185.446441 0.696872 -0.129426 0.705420 -1.32710206731 5.418122259
96.092214 18.870320 -77.737118 0.699484 -0.129771 0.702768 -4.22832991301 5.533493271
96.130668 18.779912 -75.058216 0.695792 -0.129379 0.706495 1.86222890818 5.391255236
96.092424 18.779956 -23.429058 0.698330 -0.129700 0.703927 3.86546560755 5.735242396
96.131057 18.690129 -37.139540 0.694611 -0.129282 0.707673 0.0892336020089 6.082128820
96.092930 18.690898 38.263134 0.697170 -0.129637 0.705087 1.68742840079 6.374039238
96.059388 18.774397 -31.362201 0.700407 -0.129955 0.701813 0.813033390825 6.115608071
96.051895 18.689139 95.711621 0.699859 -0.129980 0.702355 0.533757173556 6.506666451
96.131444 18.601568 -14.975249 0.693428 -0.129209 0.708846 -5.35845692404 6.901718801
96.092728 18.599361 59.784520 0.695998 -0.129568 0.706256 5.05643193705 6.845234413
96.131196 18.510862 45.886402 0.692272 -0.129149 0.709986 0.586957500977 6.985965544
96.092473 18.510978 -29.553038 0.694812 -0.129467 0.707442 -0.276603639643 7.190202723
96.050945 18.600329 23.774741 0.698734 -0.129916 0.703486 -1.11173343658 7.179123988
96.020867 18.595683 116.823651 0.700679 -0.130177 0.701500 -3.36533173666 7.458260323
96.051671 18.511796 127.341026 0.697594 -0.129831 0.704632 3.22379493713 7.271692621
96.013301 18.509129 109.470412 0.700055 -0.130153 0.702127 1.83319658091 7.377066292
96.130890 18.421120 32.225162 0.691095 -0.129040 0.711152 -0.83515358769 7.615099091
96.092893 18.422358 36.554562 0.693650 -0.129391 0.708596 1.20985681152 7.568633924
96.132149 18.331194 5.806040 0.689783 -0.128992 0.712433 2.46551238723 7.984959463
96.092368 18.329870 84.372527 0.692482 -0.129326 0.709749 -3.9954428141 7.694581648
96.051241 18.422131 91.991680 0.696426 -0.129797 0.705793 3.20740003011 7.733852816
96.010225 18.421511 77.044440 0.699104 -0.130118 0.703081 1.82612385476 7.610456434
96.051760 18.329100 103.369669 0.695183 -0.129677 0.707039 4.20846442136 8.309037033
96.008933 18.330811 207.502874 0.698075 -0.130088 0.704108 0.581732013189 7.779456830
95.972987 18.326638 233.636303 0.700381 -0.130386 0.701759 -1.03427620425 7.830774430
96.257348 18.194077 -60.800696 0.679279 -0.127659 0.722692 3.68768908112 6.751063472
96.210592 18.244179 -45.572568 0.683225 -0.128172 0.718871 1.74948986204 8.635956603
96.170730 18.245411 -8.166762 0.685998 -0.128546 0.716158 -0.365253501776 8.419423862
96.210980 18.161263 -1.829674 0.682081 -0.128063 0.719976 -2.31274073471 9.279286469
96.169490 18.160863 -22.609041 0.684916 -0.128498 0.717202 0.75236552234 8.990950804
96.272558 18.017960 32.689313 0.675783 -0.127317 0.726022 0.145380645608 9.162589915
96.194317 18.032840 94.328608 0.681508 -0.128101 0.720511 3.30038785934 8.020274380
96.232806 17.753227 -12.601815 0.674813 -0.127443 0.726902 0.257380053746 6.554079623
96.130855 18.244297 13.119450 0.688713 -0.128875 0.713488 -3.43295422058 8.801175489
96.091925 18.245669 77.406877 0.691388 -0.129241 0.710830 -1.26895523853 8.491830598
96.130885 18.159641 98.421584 0.687610 -0.128809 0.714563 1.58444454635 9.006455713
96.092473 18.161195 112.945117 0.690231 -0.129202 0.711960 -2.58753494401 8.746238297
96.054059 18.248425 221.295500 0.694021 -0.129638 0.708187 -1.74964614044 8.735234190
96.005343 18.243992 193.554746 0.697170 -0.130051 0.705011 0.0384429693222 8.401309461
96.051188 18.158270 132.224054 0.692978 -0.129533 0.709227 -2.79152464965 8.413654034
96.009645 18.160587 86.355216 0.695738 -0.129933 0.706446 -1.8881688118 8.339074178
96.108323 18.023766 54.606277 0.687273 -0.128910 0.714869 -0.393277264042 7.146066056
96.051491 18.070286 69.771924 0.691751 -0.129458 0.710437 1.67180324495 8.893473360
96.009288 18.069274 91.040459 0.694567 -0.129823 0.707618 1.45480562259 8.809264920
96.050890 17.979808 81.126482 0.690592 -0.129351 0.711583 -0.702791029531 9.412415774
96.009951 17.980634 62.419310 0.693327 -0.129771 0.708842 -6.33444452286 8.970837687
95.968504 18.246094 170.156272 0.699600 -0.130354 0.702544 0.209578628905 8.102996928
95.968714 18.160186 196.171463 0.698483 -0.130296 0.703665 2.01045465469 8.155702606
95.937165 18.154038 68.482116 0.700400 -0.130520 0.701715 -0.494092505343 8.567750227
95.968570 18.070640 178.438059 0.697322 -0.130188 0.704836 0.0946313049942 8.398977941
95.931773 18.072199 48.044026 0.699687 -0.130476 0.702434 -4.01174011278 8.259828563
95.968614 17.982292 59.700023 0.696100 -0.130094 0.706059 -0.714219498821 8.564077693
95.927814 17.975244 -21.096790 0.698649 -0.130438 0.703474 -1.0174709324 8.224447592
96.110064 17.846165 77.504867 0.684739 -0.128733 0.717328 0.772511360162 7.842778849
96.031355 17.846717 26.271780 0.690081 -0.129459 0.712059 0.807887239914 6.913880117
96.110225 17.682883 100.575639 0.682501 -0.128504 0.719499 -0.327760030677 7.933376882
96.030471 17.684548 32.206283 0.687955 -0.129302 0.714142 -0.145042423253 6.910395473
95.967705 17.891844 42.744717 0.694955 -0.130053 0.707195 -4.613120848 8.822155834
95.926933 17.891443 4.869881 0.697628 -0.130374 0.704498 0.499840663493 8.406515672
95.967653 17.800152 16.586126 0.693739 -0.129928 0.708411 1.68091554015 9.097015347
95.927380 17.801124 21.517799 0.696416 -0.130340 0.705703 0.377803127471 8.472868879
95.886125 17.831667 -40.236313 0.699502 -0.130662 0.702584 0.390535038162 6.743263839
95.968615 17.711890 19.963052 0.692491 -0.129899 0.709636 0.055904607661 8.847544774
95.927870 17.712005 -31.215793 0.695181 -0.130258 0.706934 -2.18790704159 8.560417132
95.968647 17.635769 11.329057 0.691476 -0.129778 0.710647 0.376904338512 8.936515381
95.927972 17.636501 7.683290 0.694197 -0.130191 0.707914 -2.29986003687 8.573735866
95.886342 17.712933 -30.778680 0.697938 -0.130611 0.704147 0.675709963858 8.211228315
95.852610 17.707389 -39.415249 0.700076 -0.130862 0.701975 -1.51790464424 8.905651615
95.886615 17.636985 -22.984063 0.696928 -0.130555 0.705157 0.433817194635 8.226748321
95.846511 17.633138 -23.139321 0.699511 -0.130902 0.702531 0.550310447179 8.304914351
