97.848091 20.884821 0.125726031
97.846520 20.606691 -0.064208442
97.691221 20.899009 0.159069340
97.528986 20.912718 -0.018967703
97.693168 20.597134 -0.097744529
97.530620 20.595087 0.003373367
97.366620 20.927129 -0.026915156
97.204434 20.940582 0.030710605
97.368048 20.593728 -0.062716617
97.206077 20.595698 0.012579791
96.596489 21.167285 -0.006584784
97.043511 20.950279 0.102215292
96.880777 20.949122 0.004829429
97.043185 20.593885 -0.029901703
96.879475 20.595168 0.045778318
96.718949 20.948364 -0.048535145
96.597420 21.038487 -0.120108073
96.519236 21.035227 -0.054745811
96.597560 20.863420 -0.039297325
96.515259 20.863378 0.024369220
96.718393 20.594430 0.010466779
96.597573 20.684003 0.002115872
96.535670 20.728813 -0.212865048
96.494626 20.729271 -0.315819973
96.535718 20.639153 -0.174923386
96.494626 20.638734 -0.267943216
96.597639 20.504250 -0.003754904
96.535718 20.549455 -0.138840739
96.494482 20.549455 0.019575710
96.535718 20.459757 -0.264956229
96.494482 20.459757 -0.016502870
96.455990 20.728940 -0.241256126
96.455687 20.639282 -0.201068921
96.422254 20.634070 0.058240346
96.455822 20.549455 -0.005433811
96.417163 20.549455 -0.099446331
96.455822 20.459757 0.152476285
96.417163 20.459757 -0.252243476
97.816606 20.262849 -0.024045461
97.692023 20.239182 -0.154428628
97.530208 20.239351 -0.046639006
97.692709 19.888164 0.018118540
97.529275 19.883772 -0.158467623
97.367549 20.239389 0.076092780
97.205854 20.239383 0.061939940
97.368542 19.884973 0.018519808
97.205481 19.884599 0.018190951
97.664434 19.551945 0.136919409
97.531087 19.531512 0.032479939
97.531182 19.175530 0.019496379
97.367899 19.529529 -0.011404730
97.206573 19.529016 0.002900198
97.367892 19.174913 0.029246005
97.205327 19.176605 0.043965294
97.509666 18.838196 -0.014757437
97.367726 18.820713 0.123904961
97.205639 18.818532 0.048049831
97.368135 18.465512 -0.046459576
97.205638 18.466107 0.076584481
97.357228 18.124368 0.037442877
97.205872 18.112088 -0.112942180
97.208541 17.845938 -0.039273906
97.043916 20.240970 0.002598387
96.879543 20.241452 0.017780083
97.044570 19.883806 0.060663285
96.880782 19.885584 -0.115982623
96.718483 20.238973 0.010845644
96.597573 20.329287 0.005704984
96.535557 20.373882 -0.234729153
96.494163 20.373716 -0.106518777
96.535718 20.288515 -0.177643061
96.494626 20.288858 -0.041866042
96.597251 20.154181 -0.113844588
96.535670 20.198663 0.052456324
96.494482 20.198817 0.167467078
96.535670 20.109310 -0.183232985
96.494579 20.109042 -0.160024292
96.718726 19.884851 -0.165661291
96.597311 19.975337 -0.141751954
96.535526 20.019078 -0.162898064
96.494337 20.019154 -0.002999440
96.535669 19.930927 0.102286518
96.494482 19.929723 0.101790400
96.597411 19.793639 -0.388964457
96.535620 19.838821 -0.310236623
96.494626 19.840292 0.272204018
96.535572 19.750096 -0.053406242
96.494578 19.749984 0.033077938
97.043131 19.529001 -0.002749763
96.880957 19.529675 -0.097795940
97.043410 19.175283 -0.021208525
96.881047 19.175038 -0.092044619
96.759778 19.619999 0.030031193
96.680046 19.619857 -0.212382332
96.760069 19.444226 -0.245044567
96.680139 19.444139 -0.432715680
96.597615 19.619715 -0.192328215
96.535718 19.664706 -0.296516417
96.494482 19.664706 0.099337278
96.535718 19.579085 -0.146906309
96.494482 19.579085 -0.153033090
96.617999 19.489044 -0.280444096
96.576955 19.489387 0.026284293
96.618192 19.399689 -0.444812082
96.576955 19.399689 -0.335486479
96.535718 19.489387 0.027663837
96.494626 19.489272 0.069375735
96.535718 19.399689 -0.161536043
96.494482 19.399689 0.160155701
96.759950 19.264942 -0.143993570
96.680126 19.265100 -0.134453811
96.759942 19.085745 0.058512395
96.680046 19.085745 -0.252804419
96.618192 19.309991 0.069073338
96.576955 19.309991 -0.077296015
96.618095 19.220331 0.213750954
96.576955 19.220292 -0.125699739
96.535718 19.309991 -0.285555371
96.494482 19.309991 0.162314731
96.535911 19.220559 0.112663524
96.494945 19.220211 -0.639515068
96.617997 19.131056 -0.044616476
96.576955 19.130594 -0.191152732
96.618241 19.041013 0.117467231
96.577247 19.040973 0.153268161
96.535524 19.131210 -0.649067113
96.495969 19.133411 -0.085679416
96.536010 19.040435 0.032173034
96.495263 19.037807 0.118057968
96.455674 20.374136 -0.000189796
96.416950 20.374389 -0.007564987
96.455687 20.288730 -0.064123675
96.417259 20.288477 0.159876440
96.376351 20.373380 0.040044002
96.376315 20.287977 0.169702659
96.346873 20.280917 0.046143620
96.455822 20.198817 -0.045138783
96.417163 20.198817 0.129249812
96.455958 20.108990 -0.157443649
96.417356 20.109005 -0.099268979
96.376023 20.199084 0.009794469
96.339347 20.195231 0.434540121
96.375734 20.109005 -0.125495878
96.334690 20.109119 0.026669986
96.455822 20.019421 -0.109777824
96.417307 20.019612 -0.012474282
96.455822 19.929723 -0.131919767
96.417361 19.930664 0.100781051
96.375830 20.019307 0.035061886
96.334690 20.019421 0.145481378
96.375431 19.931134 -0.055679683
96.335772 19.931925 -0.314656139
96.455795 19.840068 0.266321941
96.417408 19.840141 -0.115839027
96.455987 19.749633 0.097172941
96.417455 19.749634 -0.719871122
96.375875 19.841357 -0.642187511
96.337589 19.841758 0.244166484
96.376221 19.749123 -0.131764109
96.341391 19.753821 -0.096581375
96.455822 19.664706 -0.036499940
96.417163 19.664706 -0.226174622
96.455822 19.579085 -0.248564954
96.417163 19.579504 0.195348896
96.375926 19.665546 0.037334327
96.348091 19.668987 0.310104335
96.376283 19.578883 -0.132752269
96.455822 19.489387 0.038593572
96.417361 19.489622 0.215034379
96.455822 19.399689 0.000829704
96.418022 19.399849 -0.063401284
96.381837 19.493355 0.455092601
96.387954 19.405578 0.299105311
96.456525 19.312307 -0.009504234
96.417217 19.312454 -0.045207874
96.455762 19.220672 -0.674465368
96.422244 19.223438 0.299871616
96.454504 19.131163 -0.038569479
96.429620 19.136031 -0.038319218
96.455909 19.041400 0.487797891
96.120717 19.034282 0.253887072
96.105428 19.033298 0.561876184
97.043665 18.820561 0.035266338
96.880889 18.820734 -0.038057510
97.043396 18.466642 -0.157648854
96.883527 18.468298 0.034935662
96.759825 18.910589 -0.347956494
96.680143 18.910415 0.233814816
96.760056 18.735400 0.015642549
96.682662 18.739938 -0.004611770
96.618192 18.955275 0.100951652
96.577443 18.955790 0.008455554
96.619890 18.871600 -0.076154080
96.574503 18.868759 -0.122162764
96.535393 18.955275 0.750768728
96.494106 18.954596 0.269106323
96.535426 18.869808 0.222561007
96.493875 18.869574 0.289709017
96.618771 18.781179 -0.588156781
96.576594 18.780446 0.398241784
96.615369 18.684337 0.170999625
96.576806 18.689317 0.384365882
96.535718 18.779956 0.334776938
96.496421 18.783858 0.428491869
96.535718 18.690296 0.308058564
96.504791 18.696481 0.341548394
96.715278 18.459943 -0.009769674
96.617646 18.601031 0.178658067
96.577713 18.599761 0.185480033
96.618143 18.510519 0.142243850
96.576955 18.510862 0.082046419
96.536535 18.602215 0.279841204
96.543526 18.516618 0.095237890
96.601107 18.380126 0.109532930
97.044555 18.111132 -0.095889655
96.882848 18.105643 0.018844504
97.042214 17.862434 -0.100565210
96.882120 17.843873 0.113280062
96.718885 18.110720 0.088043641
96.461018 18.957735 1.204321169
96.467387 18.877286 0.517375390
96.158609 18.774738 0.241371878
96.166847 18.685356 -0.371394588
96.169694 18.600945 -0.276536582
96.205356 18.505726 -0.911242784
96.169743 18.510862 -0.383601273
96.245129 18.328117 -1.118670415
96.210980 18.421164 -0.294988081
96.169443 18.421758 -0.778767527
96.210139 18.332529 0.217730102
96.169446 18.330525 -0.710172001
96.126814 18.952841 0.085393677
96.097300 18.952300 -0.006601269
96.131435 18.870766 -0.549898688
96.092214 18.870320 0.006943795
96.130668 18.779912 -0.500935890
96.092424 18.779956 -0.354022691
96.131057 18.690129 -0.907835169
96.092930 18.690898 -0.273664501
96.059388 18.774397 -0.355646054
96.051895 18.689139 -0.166765288
96.131444 18.601568 -0.410465548
96.092728 18.599361 -0.232102950
96.131196 18.510862 -0.150971434
96.092473 18.510978 -0.882258267
96.037980 18.551455 -0.424111880
96.110673 18.379176 0.011621277
96.030761 18.379050 -0.098151464
96.257348 18.194077 -0.140116832
96.190391 18.200810 0.058219630
96.272558 18.017960 -0.182538360
96.194317 18.032840 0.314614694
96.232806 17.753227 -0.024046308
96.068810 18.107716 -0.008230753
95.953156 18.088744 0.172230447
96.069120 17.773274 0.078998526
95.920467 17.756544 0.212252263
