97.275033 22.185346 0.234086105
97.185900 22.177887 0.260946840
97.094933 22.169111 0.147986405
97.350540 22.021028 0.314101352
97.365661 21.816895 -0.004263234
97.435977 21.609935 -0.091381245
97.365341 21.622408 -0.035745710
97.452862 21.418449 -0.108929193
97.366316 21.423790 0.010901077
97.272024 22.031813 -0.203130487
97.185041 22.024047 -0.190646161
97.275478 21.808137 -0.243603585
97.184651 21.838592 -0.215287761
97.093694 22.023687 -0.071113699
97.001189 22.020831 -0.000347916
97.087934 21.842747 -0.160258202
96.999273 21.821600 -0.135452157
97.277419 21.621647 0.289204694
97.189451 21.614156 0.263198023
97.281872 21.423052 0.138839547
97.081328 21.617962 0.175085809
96.999236 21.623373 -0.013086245
97.087692 21.433657 -0.056210635
96.997479 21.429291 0.184154524
97.706587 20.217715 -0.145711580
97.723770 20.024588 0.210889438
97.795253 19.812121 -0.334101841
97.728466 19.831050 -0.014359257
97.409691 21.124327 -0.110040972
97.544790 20.830726 -0.072391117
97.624629 20.619929 0.195693382
97.545003 20.630983 -0.073193589
97.455271 20.829854 -0.081260042
97.364523 20.830225 -0.074111992
97.455101 20.631348 -0.091177872
97.364659 20.630872 0.024539634
97.233282 21.104981 -0.151819632
97.043778 21.116124 -0.022980488
97.274576 20.830302 0.078985619
97.184469 20.830668 -0.060598141
97.274602 20.630752 0.167839751
97.184818 20.632062 -0.072358568
97.094523 20.831133 0.049648437
97.001385 20.830668 0.089818082
97.094336 20.630752 -0.005395567
97.001331 20.630708 0.020180741
97.635290 20.430876 -0.099761165
97.545043 20.429387 0.033146753
97.635072 20.231611 -0.055091972
97.545003 20.230919 -0.080631209
97.454480 20.430447 -0.118732252
97.364709 20.430893 -0.065874127
97.455218 20.230245 -0.122875001
97.364736 20.230919 -0.074365123
97.635164 20.034182 -0.130720296
97.544393 20.032395 -0.146159194
97.635911 19.826149 -0.281675167
97.543792 19.830990 -0.232002660
97.455485 20.031973 0.066596257
97.364370 20.033267 -0.362632780
97.455659 19.829584 0.066375544
97.365608 19.823522 0.152182896
97.274602 20.430835 -0.026884913
97.184888 20.429485 -0.067380519
97.274679 20.230622 -0.129641448
97.184507 20.231160 -0.122041061
97.094336 20.430835 -0.038849369
97.001646 20.430780 0.032653945
97.094310 20.231132 0.064006261
97.001641 20.231608 0.035794933
97.274305 20.032783 -0.114380447
97.184549 20.031099 -0.018730727
97.274101 19.824378 -0.113394900
97.183831 19.830855 0.084052274
97.094402 20.031002 0.107453564
97.002808 20.034073 0.069506586
97.097202 19.828609 0.099293388
96.996653 19.818241 0.126726134
96.297963 22.690924 0.042641346
96.443133 22.208114 -0.317379435
96.368787 22.423239 0.083943719
96.301286 22.469062 -0.362901915
96.251704 22.470864 -0.191517838
96.299375 22.372146 0.275680407
96.252040 22.372110 -0.006908032
96.367622 22.221599 0.019369273
96.300034 22.274963 -0.049221774
96.252573 22.272923 -0.095283670
96.300034 22.172965 -0.015385930
96.252151 22.172965 -0.220313722
96.907936 22.019274 0.164508537
96.820137 22.016734 0.118591862
96.908384 21.822211 0.051204968
96.818302 21.822091 0.133334163
96.727016 22.017701 0.199542441
96.638145 22.020634 0.323826896
96.728322 21.822202 0.118416842
96.638373 21.822590 0.045768497
96.908956 21.625663 -0.049416127
96.818235 21.622232 0.240452691
96.908215 21.421479 -0.055334457
96.818302 21.422258 -0.054793764
96.728102 21.622194 0.021486620
96.638209 21.622233 0.096963209
96.728232 21.422509 0.078377989
96.638356 21.422873 0.081809812
96.547266 22.020508 0.399820461
96.457554 22.022356 0.139689224
96.547901 21.821683 0.269054754
96.457755 21.822810 0.327110719
96.367822 22.021581 -0.005092679
96.300034 22.070967 -0.104852646
96.252151 22.070967 -0.372168610
96.300034 21.973048 0.034030067
96.252151 21.973048 -0.290922008
96.367699 21.822658 -0.038779942
96.300181 21.875414 -0.039244037
96.252260 21.875510 -0.175440974
96.300034 21.773132 -0.195999748
96.252355 21.772422 -0.217167349
96.547955 21.623035 0.141824595
96.457781 21.622625 0.089250816
96.547731 21.422722 -0.000886698
96.457678 21.422276 0.213416426
96.367781 21.622252 -0.036119319
96.275258 21.621913 -0.110270113
96.367634 21.422258 -0.022152865
96.276582 21.425344 -0.138199947
96.182789 22.798698 0.264783472
96.103485 22.802634 0.200718926
96.204268 22.666636 -0.220177442
96.159395 22.666636 -0.254205121
96.203876 22.568221 -0.265578283
96.159201 22.568718 -0.443900793
96.118629 22.668199 -0.198144207
96.121176 22.570175 -0.111165840
96.204117 22.471018 -0.183130214
96.159201 22.470800 -0.091692718
96.204073 22.372530 -0.283113273
96.158802 22.373170 -0.599628047
96.122955 22.471981 -0.577137909
96.125669 22.374436 -0.983301721
96.204216 22.273925 -0.312505186
96.158818 22.272586 -0.961770125
96.204268 22.172965 -0.531873386
96.159201 22.172965 -0.627381090
95.727321 22.757089 -0.025086367
95.782747 22.664508 0.077897168
95.784833 22.568098 0.257388500
95.726099 22.619860 -0.004300416
95.598602 22.658431 -0.438933711
95.789040 22.475035 0.218736345
95.790429 22.370161 -0.014226918
95.746191 22.472396 -0.133090986
95.699462 22.467621 -0.678704811
95.746990 22.372215 0.037788669
95.701735 22.374663 -0.155483742
95.792839 22.218021 0.364382361
95.748377 22.274889 0.304178944
95.703640 22.271749 -0.031343544
95.747967 22.172965 0.199501869
95.702946 22.172767 0.013745005
95.633632 22.420017 -0.170736236
95.642269 22.229400 -0.063421618
96.204268 22.070967 -0.377458092
96.159544 22.071392 -0.819739074
96.204513 21.973900 -0.459405511
96.159500 21.974059 -0.707222507
96.204513 21.874279 -0.360189094
96.159201 21.875130 -0.808782811
96.204726 21.772369 -0.485617735
96.161231 21.774051 -0.580972257
96.204689 21.673650 -0.129989180
96.162411 21.676637 -0.425768054
96.204877 21.572260 -0.099873542
96.165051 21.572797 -0.411959252
96.204167 21.475516 -0.144978269
96.167992 21.476410 -0.964650006
96.203277 21.377530 -0.549786416
96.170386 21.374067 0.324519875
95.793034 22.070967 0.439731579
95.793034 21.973048 0.498652190
95.748115 22.070895 0.185477395
95.703763 22.071408 -0.071663967
95.748924 21.974819 0.330289311
95.702455 21.974050 -0.033581903
95.802073 21.818411 0.479532693
95.731565 21.830043 0.242884278
95.806151 21.620452 0.314834296
95.750705 21.642141 0.293492711
95.815279 21.426570 0.406569373
96.863362 21.124120 0.014270144
96.683313 21.124408 0.163055246
96.908435 20.830668 -0.044261131
96.818302 20.830668 0.128268889
96.908116 20.637405 0.343024279
96.818472 20.629019 0.213453876
96.728315 20.830630 0.179958772
96.638805 20.829983 0.257134165
96.728168 20.630752 0.271583000
96.638035 20.630752 0.296587881
96.503109 21.124810 0.137631840
96.368001 21.223207 0.028859556
96.299936 21.270943 -0.059495542
96.251799 21.272066 -0.065768978
96.299875 21.175230 -0.059985674
96.251799 21.172617 -0.290274775
96.368300 21.025480 0.171247624
96.296666 21.079502 -0.044559483
96.252129 21.075143 -0.456087717
96.299579 20.971529 -0.109454310
96.252844 20.976542 -0.176500541
96.548158 20.830179 0.228955949
96.457524 20.829606 0.156956506
96.547901 20.630752 0.301143680
96.457627 20.630362 0.217763692
96.390168 20.879627 0.313651059
96.345001 20.881376 0.079605659
96.389919 20.782070 0.101083875
96.345518 20.780047 0.048764157
96.300034 20.879627 -0.148177063
96.252560 20.879430 -0.073204532
96.299840 20.781639 -0.205497950
96.252688 20.781191 -0.272519999
96.390168 20.683791 -0.010030622
96.345444 20.683223 -0.002766555
96.390168 20.581793 -0.003744062
96.345101 20.581793 -0.194395696
96.299840 20.683509 0.052389310
96.252151 20.683791 -0.349261014
96.300355 20.582556 -0.203611766
96.252487 20.580879 -0.487023699
96.908408 20.428991 -0.101737447
96.818007 20.430254 0.213456286
96.908035 20.232285 0.128402646
96.818404 20.231131 0.188194901
96.728261 20.430874 0.216010950
96.638035 20.430835 0.253254564
96.727808 20.231478 0.308457606
96.638333 20.232329 0.224101088
96.906562 20.029016 0.236065184
96.818140 20.032073 0.298825983
96.908476 19.832103 0.201753961
96.818057 19.830955 0.074572015
96.728315 20.031349 0.304859456
96.638415 20.030471 0.129200125
96.728908 19.827434 0.442502241
96.639170 19.827808 0.470900792
96.548238 20.431948 0.253240456
96.457808 20.430429 0.271368005
96.548108 20.230507 0.097866874
96.457858 20.230909 0.234042971
96.390168 20.479794 0.279411274
96.345101 20.479794 -0.053600263
96.390362 20.381735 0.285570524
96.344758 20.381592 -0.252789036
96.300948 20.479500 -0.148673973
96.251242 20.480387 -0.534994894
96.299536 20.382454 -0.211459965
96.255016 20.384197 -0.582834576
96.389974 20.284098 -0.063864473
96.344954 20.284242 0.058850481
96.390168 20.181960 0.086525341
96.344874 20.181631 -0.189151802
96.299936 20.283887 -0.339532081
96.262181 20.288137 -0.585451263
96.299898 20.182552 -0.703794060
96.547901 20.031002 -0.022119264
96.457595 20.031349 0.126729567
96.547927 19.830984 0.089054407
96.458571 19.830495 0.133185709
96.390168 20.079961 -0.171929184
96.344856 20.079961 -0.304775782
96.389923 19.981475 0.083826445
96.345101 19.982465 -0.022624337
96.301040 20.081418 -0.256017879
96.307476 19.986173 -0.364124432
96.389201 19.885279 0.225248557
96.345208 19.887000 -0.585847770
96.390168 19.782127 -0.193785976
96.347105 19.780165 -0.497260802
96.204804 21.268814 -0.175289709
96.172745 21.268176 -0.095905164
96.204268 21.173382 -0.411713335
96.204268 21.075464 -0.464947902
96.205118 20.976468 -0.587593259
96.207591 20.881341 -0.280302355
96.211530 20.783675 -0.526116895
97.771009 19.528400 0.048092257
97.895719 19.227611 0.130325298
97.909991 19.037302 0.083393648
97.821037 19.239496 -0.035338625
97.728086 19.239496 -0.182514130
97.821037 19.039579 -0.064503865
97.728086 19.039579 -0.095610477
98.069582 18.424757 -0.144025111
98.087191 18.233640 0.386328143
97.984544 18.826335 0.227007100
97.910182 18.840726 -0.069202049
97.999256 18.636190 0.075358019
97.911170 18.639746 -0.085978800
97.821037 18.839663 -0.057553796
97.728086 18.839663 -0.045050439
97.821037 18.639746 -0.116523497
97.728292 18.639957 -0.167611488
98.001303 18.439830 -0.027854620
97.910888 18.439343 0.033843113
98.001303 18.239913 0.001579068
97.910518 18.240329 -0.102473642
97.821037 18.439830 -0.043658882
97.728086 18.439830 -0.142357201
97.821037 18.239913 -0.088658724
97.728074 18.240159 -0.035278581
97.590045 19.533393 -0.025194736
97.410063 19.531304 -0.074090057
97.635109 19.239554 0.101908052
97.545110 19.239982 -0.175453153
97.635328 19.040043 0.172694053
97.545067 19.040000 -0.135785214
97.454219 19.240418 -0.064791614
97.364804 19.238050 -0.019177133
97.454612 19.039514 -0.061727534
97.364775 19.038681 -0.038091628
97.230512 19.532152 -0.045544548
97.046496 19.533413 0.093504674
97.274885 19.239047 0.054139134
97.184376 19.239959 0.156860994
97.275984 19.043267 0.015906773
97.183916 19.040285 0.192335356
97.094336 19.239496 0.052200985
97.001385 19.239496 0.124417978
97.094700 19.039438 0.128252174
97.001591 19.039930 0.158100379
97.635538 18.838771 -0.088140167
97.544753 18.838115 -0.162700282
97.635046 18.640398 0.020416979
97.545029 18.637825 -0.009518245
97.454869 18.839469 -0.103682275
97.365057 18.839585 0.013003516
97.455105 18.638904 -0.207231288
97.364671 18.641200 0.079945563
97.635136 18.439830 0.004787419
97.545243 18.439366 -0.042502309
97.635175 18.239923 0.080356669
97.545169 18.239635 -0.135654356
97.454670 18.439483 0.049017513
97.364776 18.438956 -0.176712383
97.455010 18.240358 -0.094300843
97.364774 18.239738 -0.182485759
97.274481 18.838959 0.094702228
97.184469 18.839663 0.045801819
97.274525 18.639188 0.078889970
97.184674 18.639709 -0.006732337
97.094336 18.839663 0.104326864
97.001315 18.840842 0.231561050
97.094131 18.639709 0.201256273
97.001385 18.639746 0.105814475
97.274443 18.439695 -0.192448040
97.184469 18.439830 -0.009309813
97.274602 18.239913 -0.128790679
97.184675 18.239466 0.100030628
97.094256 18.439965 -0.189774101
97.001385 18.439830 0.207564495
97.094541 18.239923 0.132731704
97.001850 18.241429 0.145206633
98.119879 17.922832 0.042522060
98.257210 17.435697 0.112632433
98.181544 17.648189 0.115101352
98.091437 17.648324 0.044614799
98.181570 17.448407 0.048770314
98.091437 17.448407 -0.210902067
97.956321 17.942225 -0.042831218
97.773311 17.942487 -0.171359975
98.001303 17.648324 0.020628256
97.911197 17.648865 -0.035493008
98.001483 17.448472 0.002719738
97.911170 17.448407 -0.000600527
97.821037 17.648324 -0.176085502
97.728168 17.648360 -0.037376620
97.820947 17.448444 -0.310531776
97.728172 17.448549 -0.060188107
98.270574 17.246441 0.305930030
98.339651 17.029257 0.479872005
98.271768 17.048537 0.313110318
98.181463 17.248936 0.062111022
98.091530 17.248761 0.165853362
98.181570 17.048574 0.234975154
98.091759 17.049592 -0.005162515
98.353733 16.868799 0.615914309
98.271224 16.863229 0.395552980
98.180879 16.856358 0.189311080
98.091506 16.849219 -0.021405436
98.001397 17.248335 0.156989474
97.911622 17.248650 0.022741237
98.002197 17.053243 -0.069471504
97.911866 17.046394 -0.136537067
97.819530 17.250694 0.066541665
97.728765 17.251399 -0.049026856
97.819896 17.048800 -0.250148654
97.727703 17.044494 -0.159095824
98.001554 16.847952 -0.117302453
97.914083 16.845509 -0.178562844
97.819759 16.854410 -0.038403623
97.727549 16.848361 -0.118893377
97.589923 17.942529 -0.169005058
97.408232 17.948568 -0.182304534
97.635230 17.648537 -0.251522302
97.546422 17.648783 -0.262146024
97.635373 17.448227 -0.063424705
97.544415 17.446242 0.018913035
97.451870 17.646692 0.046807116
97.365030 17.647976 0.204884180
97.455338 17.446711 -0.226745276
97.364485 17.444520 -0.089935596
97.229259 17.942464 0.047922988
97.047991 17.941988 0.060084707
97.274425 17.648679 0.022284493
97.183958 17.649103 0.223495178
97.274720 17.447743 -0.141054825
97.184414 17.450187 -0.026186665
97.094509 17.647529 0.079279052
97.002169 17.646891 0.352145598
97.094716 17.452526 -0.048592218
97.001550 17.450437 0.073177341
97.635346 17.249220 -0.143639186
97.543302 17.255397 0.084690058
97.634966 17.048129 -0.195541140
97.542519 17.044560 -0.135618723
97.455199 17.248292 -0.150659044
97.364695 17.250162 0.022316458
97.454910 17.047470 -0.144016433
97.363571 17.050192 -0.035122647
97.635773 16.848363 0.020196842
97.544509 16.846236 -0.126975451
97.631275 16.699443 -0.062553032
97.544210 16.667523 -0.211820605
97.455394 16.849459 -0.245318240
97.365819 16.854495 -0.005000048
97.453902 16.655876 -0.055225901
97.367553 16.648806 0.007988769
97.272666 17.249787 -0.142612087
97.185804 17.247127 -0.070499075
97.275305 17.046197 0.005988116
97.189202 17.059712 -0.035876673
97.094111 17.244421 0.057145905
97.003916 17.252807 0.442031737
97.087918 17.070585 0.070838537
97.274602 16.850294 0.054386247
97.283192 16.695333 -0.006027750
96.863235 19.532723 0.300142808
96.683211 19.532352 0.202147675
96.908435 19.239496 0.140262180
96.818088 19.240000 0.023797487
96.908422 19.039626 0.134204989
96.818200 19.039385 0.197993478
96.728168 19.239496 0.036903116
96.637955 19.239361 0.069971453
96.728143 19.039095 0.206650338
96.638086 19.039441 0.116634519
96.547901 19.631169 0.259043634
96.457876 19.630837 -0.009555211
96.548008 19.435159 0.159041229
96.480301 19.483870 -0.014650942
96.435577 19.484008 0.015798422
96.480398 19.386795 0.040138381
96.435235 19.386373 -0.223051841
96.390168 19.680128 0.266089124
96.353441 19.684155 -0.629285564
96.390168 19.582210 -0.113880046
96.393457 19.447727 -0.281917953
96.548168 19.239825 0.235507968
96.480398 19.288033 0.066804088
96.435687 19.288674 -0.114569228
96.480301 19.190537 -0.131380653
96.436300 19.191713 -0.196015935
96.547799 19.040176 0.115568133
96.481843 19.092234 0.290011537
96.441401 19.097470 0.228695749
96.480994 18.989149 -0.084715547
96.908249 18.839644 0.150213555
96.818448 18.839509 0.121054673
96.908525 18.640260 0.146210036
96.818171 18.639898 0.296454789
96.728048 18.839509 0.185320025
96.640248 18.842536 -0.225392467
96.730103 18.644692 0.027752067
96.637320 18.632664 0.197869948
96.908595 18.440081 0.044533571
96.821067 18.437103 -0.191314686
96.909089 18.243491 -0.025395535
96.815920 18.244088 0.414480394
96.724822 18.432848 0.430596904
96.637728 18.440275 0.156576580
96.727935 18.239725 0.194400947
96.639012 18.242462 0.049906561
96.568958 18.890048 0.206172178
96.525368 18.888622 -0.064422237
96.570435 18.790420 0.151681924
96.525025 18.790420 -0.196992891
96.483889 18.853840 -0.286670850
96.550892 18.644894 -0.061674522
96.568735 18.453613 0.008839237
96.861335 17.936859 0.133836177
96.707893 17.963388 0.144575421
96.907589 17.647372 0.073610994
96.818344 17.650614 0.178457587
96.909246 17.452679 0.074234176
96.817252 17.449296 0.123995079
96.739106 17.657411 0.037478040
96.915586 17.263711 0.612267695
96.817109 17.245805 0.111773477
96.815811 17.053116 -0.087493613
96.731788 17.052588 -0.176988881
96.748860 16.864552 -0.050728368
