97.275033 22.185346 -0.146592831
97.185900 22.177887 -0.130501614
97.116822 22.171353 -0.285426412
97.071396 22.166680 -0.195921304
97.341455 22.069667 -0.388756406
97.377150 21.965946 -0.070742171
97.344027 21.978220 0.390293977
97.365661 21.816895 -0.482732604
97.435977 21.609935 -0.617536981
97.365341 21.622408 -0.549788361
97.452862 21.418449 -0.663160024
97.387269 21.475297 -0.865564693
97.343413 21.476975 -0.167004641
97.387979 21.375116 -1.230982865
97.342308 21.370134 -0.112011115
97.272024 22.031813 -0.627628040
97.185041 22.024047 -0.629705003
97.297136 21.871866 -1.692296381
97.254301 21.876054 -0.169070649
97.299656 21.765938 -1.286361294
97.250480 21.760997 0.158459744
97.201932 21.884922 -0.717538613
97.160377 21.878863 -0.870312596
97.209595 21.766073 -0.657228154
97.093694 22.023687 -0.539196616
97.001189 22.020831 -0.511440518
97.118960 21.878663 -0.459643537
97.070223 21.875511 -0.775457472
97.070820 21.772847 -0.939408025
96.999273 21.821600 -0.708964588
97.298149 21.676176 0.184543203
97.255678 21.679421 0.159792169
97.297778 21.572182 -0.819754763
97.252941 21.566901 0.083482297
97.200915 21.667185 -0.383684977
97.210946 21.577132 -0.378980740
97.162598 21.564415 0.180763086
97.301091 21.472346 -0.064969820
97.254236 21.476552 -0.467408563
97.296170 21.371939 -0.126327638
97.258711 21.373969 -1.498349879
97.070152 21.674431 -0.521343818
97.116270 21.566965 -0.257058079
97.070379 21.569694 -0.337077121
96.999236 21.623373 -0.639058477
97.112028 21.468285 -0.947900157
97.071234 21.473500 -0.905951834
97.118968 21.377699 -0.161969610
97.071254 21.381232 -0.593037021
97.027907 21.476024 -0.850618315
96.975931 21.478848 -0.503766885
97.023796 21.381163 -0.143335493
96.977711 21.371107 -0.329264436
97.692579 20.376560 -1.056808317
97.699157 20.282938 -1.404818623
97.705118 20.179671 -0.859286321
97.723770 20.024588 -0.416658701
97.788645 19.877885 -0.827334655
97.796609 19.779202 -0.879952355
97.728466 19.831050 -0.615591815
97.409691 21.124327 -0.686548659
97.599771 20.872828 0.496629198
97.608393 20.776060 -0.547526778
97.544790 20.830726 -0.679125007
97.612603 20.683791 -0.875358939
97.651733 20.575958 -0.420716542
97.612603 20.581793 -0.609055031
97.545003 20.630983 -0.675855795
97.455271 20.829854 -0.670986636
97.364523 20.830225 -0.667873568
97.455101 20.631348 -0.681751174
97.364659 20.630872 -0.574242588
97.233282 21.104981 -0.759684256
97.043778 21.116124 -0.718619110
97.274576 20.830302 -0.536420205
97.184469 20.830668 -0.711696615
97.274602 20.630752 -0.455875605
97.184818 20.632062 -0.734007089
97.094523 20.831133 -0.647566542
97.001385 20.830668 -0.662546595
97.094336 20.630752 -0.715069067
97.001331 20.630708 -0.745215650
97.657049 20.479270 -0.759393973
97.611748 20.478847 -0.466602623
97.657670 20.381876 -0.874308872
97.613028 20.383339 -0.647182217
97.545043 20.429387 -0.560668070
97.635072 20.231611 -0.661178621
97.545003 20.230919 -0.661351853
97.454480 20.430447 -0.705147856
97.364709 20.430893 -0.664271138
97.455218 20.230245 -0.700309727
97.364736 20.230919 -0.667174733
97.635164 20.034182 -0.715311164
97.544393 20.032395 -0.709782898
97.635911 19.826149 -0.840264727
97.543792 19.830990 -0.774516670
97.455485 20.031973 -0.497553871
97.364370 20.033267 -0.945304082
97.455659 19.829584 -0.480006152
97.390348 19.886022 -0.661072527
97.341690 19.888576 -0.705881713
97.387059 19.781250 -0.539342227
97.341972 19.780990 -0.042299400
97.274602 20.430835 -0.653109879
97.184888 20.429485 -0.733578099
97.274679 20.230622 -0.752728236
97.184507 20.231160 -0.786924786
97.094336 20.430835 -0.754195269
97.001646 20.430780 -0.738478060
97.094310 20.231132 -0.650598799
97.001641 20.231608 -0.734442507
97.274305 20.032783 -0.729406371
97.184549 20.031099 -0.676462156
97.297011 19.883399 -1.002378216
97.248932 19.883383 -0.783837975
97.297900 19.779153 -0.544807726
97.252069 19.780744 -0.565911393
97.183831 19.830855 -0.561492626
97.094402 20.031002 -0.600293497
97.002808 20.034073 -0.692800935
97.097202 19.828609 -0.594002665
96.996653 19.818241 -0.624389669
96.297963 22.690924 -0.524373980
96.443133 22.208114 -1.068386347
96.368787 22.423239 -0.600234998
96.274160 22.420740 -0.813738918
96.367622 22.221599 -0.749062247
96.275287 22.220231 -0.873514799
96.907936 22.019274 -0.398500917
96.820137 22.016734 -0.498598099
96.908384 21.822211 -0.574503619
96.818302 21.822091 -0.548382011
96.727016 22.017701 -0.475195358
96.638145 22.020634 -0.402915778
96.728322 21.822202 -0.619642959
96.638373 21.822590 -0.745482881
96.908956 21.625663 -0.728614634
96.818235 21.622232 -0.496865470
96.908215 21.421479 -0.781582800
96.818302 21.422258 -0.838144215
96.728102 21.622194 -0.772346941
96.638209 21.622233 -0.749286619
96.728232 21.422509 -0.761011872
96.638356 21.422873 -0.808700007
96.547266 22.020508 -0.375428766
96.457554 22.022356 -0.673501498
96.547901 21.821683 -0.569446630
96.457755 21.822810 -0.547704572
96.367822 22.021581 -0.844407924
96.274684 22.022008 -1.018051241
96.367699 21.822658 -0.936580652
96.274769 21.821933 -1.076938037
96.547955 21.623035 -0.749377973
96.457781 21.622625 -0.836135933
96.547731 21.422722 -0.934621198
96.457678 21.422276 -0.751409532
96.367781 21.622252 -0.981060057
96.275258 21.621913 -1.056307584
96.367634 21.422258 -1.002578131
96.276582 21.425344 -1.114627135
96.158709 22.709545 -0.560573148
96.181422 22.421880 -0.993084631
96.182001 22.218712 -1.377070001
95.742623 22.665883 -0.177538371
95.598602 22.658431 -0.371348516
95.725276 22.419763 -0.487499629
95.792839 22.218021 -0.074836523
95.726436 22.218334 -0.183760202
95.633632 22.420017 -0.249137741
95.642269 22.229400 -0.194895768
96.182194 22.023103 -1.422783685
96.182999 21.823663 -1.435529224
96.187546 21.624455 -1.180283214
96.191206 21.426595 -1.296497294
95.797382 22.019587 -0.008829099
95.725601 22.023219 -0.247355964
95.802172 21.818676 -0.022343041
95.731565 21.830043 -0.123920395
95.806277 21.620170 -0.203233891
95.750705 21.642141 -0.115706702
95.815376 21.426846 -0.121936622
96.863362 21.124120 -0.791215095
96.683313 21.124408 -0.749977496
96.908435 20.830668 -0.855145807
96.818302 20.830668 -0.739099820
96.908116 20.637405 -0.480493228
96.818472 20.629019 -0.665514786
96.728315 20.830630 -0.739959152
96.638805 20.829983 -0.707792883
96.728168 20.630752 -0.658059316
96.638035 20.630752 -0.675420380
96.503109 21.124810 -0.851593664
96.319835 21.127128 -1.037137127
96.548158 20.830179 -0.770519169
96.457524 20.829606 -0.862437509
96.547901 20.630752 -0.701419264
96.457627 20.630362 -0.800005082
96.368173 20.831768 -0.871161089
96.275358 20.830334 -1.196223986
96.367827 20.630362 -1.057635024
96.274899 20.631383 -1.231901341
96.908408 20.428991 -0.930698455
96.818007 20.430254 -0.669475520
96.908035 20.232285 -0.698802131
96.818404 20.231131 -0.690583517
96.728261 20.430874 -0.714941561
96.638035 20.430835 -0.716837716
96.727808 20.231478 -0.615987281
96.638333 20.232329 -0.735577863
96.906562 20.029016 -0.583001574
96.818140 20.032073 -0.568938654
96.908476 19.832103 -0.600821719
96.818057 19.830955 -0.774836585
96.728315 20.031349 -0.604931393
96.638415 20.030471 -0.811773915
96.728908 19.827434 -0.444628103
96.639170 19.827808 -0.443048580
96.548238 20.431948 -0.743264035
96.457808 20.430429 -0.735291557
96.548108 20.230507 -0.883595230
96.457858 20.230909 -0.752238737
96.367648 20.430990 -0.893877810
96.275796 20.432649 -1.335437530
96.367634 20.230797 -0.988762696
96.288750 20.239733 -1.499457692
96.547901 20.031002 -0.980159532
96.457595 20.031349 -0.830275992
96.547927 19.830984 -0.837172343
96.480301 19.884125 -1.015358383
96.435825 19.887311 -0.015340722
96.480301 19.782127 -1.336452824
96.434962 19.781732 -0.776550540
96.367554 20.031080 -1.093713473
96.303427 20.043681 -1.198363265
96.389201 19.885279 -0.687059577
96.345208 19.887000 -1.479081105
96.390168 19.782127 -1.081952590
96.347289 19.780582 -1.368872151
96.209357 20.837298 -1.422146592
97.874014 19.478042 -0.787996107
97.881646 19.382834 -0.126408769
97.771009 19.528400 -0.530249756
97.895719 19.227611 -0.483751880
97.967503 18.980453 -0.333673924
97.909991 19.037302 -0.499807183
97.821037 19.239496 -0.586905435
97.728086 19.239496 -0.679090449
97.821037 19.039579 -0.572416954
97.728086 19.039579 -0.553116017
98.069582 18.424757 -0.757673380
98.087191 18.233640 -0.198256885
97.984544 18.826335 -0.384991497
97.933278 18.890393 -0.154986430
97.888637 18.888622 -0.552103175
97.933703 18.791082 -0.444717439
97.888124 18.790852 -1.362808987
97.999256 18.636190 -0.503842802
97.911170 18.639746 -0.571649708
97.821037 18.839663 -0.520839967
97.728086 18.839663 -0.462094048
97.821037 18.639746 -0.534501879
97.728292 18.639957 -0.543188991
98.001303 18.439830 -0.555970925
97.910888 18.439343 -0.401681286
98.001303 18.239913 -0.472515008
97.910518 18.240329 -0.488481594
97.821037 18.439830 -0.415960078
97.728086 18.439830 -0.475480079
97.821037 18.239913 -0.415214297
97.728074 18.240159 -0.325609230
97.590045 19.533393 -0.535533168
97.410063 19.531304 -0.598896045
97.635109 19.239554 -0.365928090
97.545110 19.239982 -0.637281046
97.635328 19.040043 -0.259841076
97.545067 19.040000 -0.564887396
97.454219 19.240418 -0.538536735
97.364804 19.238050 -0.518336486
97.454612 19.039514 -0.504294809
97.364775 19.038681 -0.507289481
97.230512 19.532152 -0.639625734
97.046496 19.533413 -0.598949105
97.274885 19.239047 -0.481636982
97.184376 19.239959 -0.422939401
97.275984 19.043267 -0.490045823
97.183916 19.040285 -0.356930187
97.094336 19.239496 -0.574790905
97.001385 19.239496 -0.551351017
97.094700 19.039438 -0.466016869
97.001591 19.039930 -0.482462136
97.635538 18.838771 -0.483227253
97.544753 18.838115 -0.556516442
97.635046 18.640398 -0.336170852
97.545029 18.637825 -0.366351293
97.454869 18.839469 -0.512599234
97.365057 18.839585 -0.423156915
97.455105 18.638904 -0.580054627
97.364671 18.641200 -0.320825794
97.635136 18.439830 -0.311737221
97.545243 18.439366 -0.361056226
97.635175 18.239923 -0.195307989
97.545169 18.239635 -0.414416003
97.454670 18.439483 -0.286051943
97.364776 18.438956 -0.538759254
97.455010 18.240358 -0.389771165
97.364774 18.239738 -0.504280738
97.274481 18.838959 -0.377795793
97.184469 18.839663 -0.468423848
97.274525 18.639188 -0.357012434
97.184674 18.639709 -0.482624668
97.094336 18.839663 -0.453404429
97.001315 18.840842 -0.369466456
97.094131 18.639709 -0.315813522
97.001385 18.639746 -0.450679002
97.274443 18.439695 -0.589046683
97.184469 18.439830 -0.443841424
97.274602 18.239913 -0.483376025
97.184675 18.239466 -0.289880423
97.094256 18.439965 -0.662440204
97.001385 18.439830 -0.300616760
97.094541 18.239923 -0.292031894
97.001850 18.241429 -0.311143189
98.148210 18.083729 -1.480146811
98.156437 17.988370 -1.000062472
98.091437 18.039997 -0.256158815
98.191243 17.884806 -0.633002615
98.159037 17.893119 -0.554291456
98.202261 17.792380 -0.392051757
98.159037 17.795201 -0.468998253
98.091437 17.844160 -0.431835675
98.257210 17.435697 -0.528724505
98.181544 17.648189 -0.449158449
98.091437 17.648324 -0.382185818
98.181570 17.448407 -0.458967523
98.091437 17.448407 -0.585801935
97.956321 17.942225 -0.398100877
97.773311 17.942487 -0.413744377
98.001303 17.648324 -0.300917736
97.911197 17.648865 -0.280674848
98.001483 17.448472 -0.270945441
97.911170 17.448407 -0.200524973
97.821037 17.648324 -0.369814348
97.728168 17.648360 -0.200969933
97.820947 17.448444 -0.461207691
97.728172 17.448549 -0.182016662
98.270574 17.246441 -0.307934366
98.332646 17.095255 0.640505064
98.338611 16.998144 -0.546477983
98.271768 17.048537 -0.248914187
98.181463 17.248936 -0.392031608
98.091530 17.248761 -0.159974481
98.181570 17.048574 -0.169057322
98.091759 17.049592 -0.285147858
98.374929 16.892905 0.114382091
98.339402 16.898397 -0.630590558
98.380394 16.825458 0.823011522
98.338621 16.821458 -0.149931982
98.271224 16.863229 -0.118100074
98.180879 16.856358 -0.168887730
98.091506 16.849219 -0.257976193
98.001397 17.248335 -0.070711046
97.934106 17.295993 -0.371117757
97.888245 17.296953 0.216822048
97.933703 17.199532 -0.115663878
97.889106 17.199834 -0.141170772
98.002197 17.053243 -0.255639714
97.911866 17.046394 -0.252074435
97.819530 17.250694 -0.042378721
97.754358 17.300120 -0.089942780
97.706427 17.296535 -0.088840473
97.755193 17.194618 0.031137811
97.703737 17.201667 -0.535280129
97.819896 17.048800 -0.319007387
97.727703 17.044494 -0.199779104
98.001554 16.847952 -0.261387094
97.914083 16.845509 -0.256637489
97.819759 16.854410 -0.070460204
97.727549 16.848361 -0.122429802
97.589923 17.942529 -0.384860854
97.408232 17.948568 -0.430123070
97.635230 17.648537 -0.403925642
97.569215 17.701677 -0.177342182
97.523300 17.700719 -0.276454297
97.569835 17.596284 -0.705440531
97.522257 17.599365 -0.441066856
97.635373 17.448227 -0.174275652
97.566739 17.502139 0.030506108
97.521957 17.500185 -0.264727070
97.567903 17.399083 -0.234385389
97.522469 17.399448 -0.056473008
97.451870 17.646692 -0.124319418
97.365030 17.647976 0.012255768
97.455338 17.446711 -0.353629930
97.364485 17.444520 -0.236047602
97.229259 17.942464 -0.255566052
97.047991 17.941988 -0.299588113
97.274425 17.648679 -0.196319571
97.183958 17.649103 -0.021147873
97.274720 17.447743 -0.310263004
97.184414 17.450187 -0.217859255
97.094509 17.647529 -0.187257494
97.026337 17.697572 -0.606003424
96.978473 17.700343 0.391848799
97.027511 17.598691 0.177730027
96.977790 17.599766 0.236726227
97.094716 17.452526 -0.258485462
97.001550 17.450437 -0.146040037
97.657670 17.297450 -0.308518252
97.613275 17.298124 0.011664727
97.656843 17.199981 -0.207246954
97.612298 17.198429 -0.414436936
97.567333 17.297964 -0.166952930
97.521953 17.299471 -0.250390998
97.568910 17.209184 0.257079566
97.521522 17.201286 -0.135292159
97.634966 17.048129 -0.225460380
97.542519 17.044560 -0.165872614
97.455199 17.248292 -0.234158008
97.364695 17.250162 -0.078548371
97.454910 17.047470 -0.183714409
97.363571 17.050192 -0.089365372
97.635773 16.848363 0.028974661
97.544509 16.846236 -0.116814821
97.631275 16.699443 -0.025475017
97.544210 16.667523 -0.166262960
97.455394 16.849459 -0.242124819
97.365819 16.854495 -0.013111814
97.453902 16.655876 -0.010894456
97.367553 16.648806 0.047849068
97.272666 17.249787 -0.262648094
97.185804 17.247127 -0.206496411
97.275305 17.046197 -0.061783998
97.189202 17.059712 -0.119487068
97.094111 17.244421 -0.090449710
97.003916 17.252807 0.288202649
97.114503 17.106836 -0.173559161
97.071949 17.101755 0.017530331
97.073254 17.006892 0.392330765
97.028159 17.106595 -0.609780935
97.274602 16.850294 0.036695367
97.212898 16.900653 -0.076356385
97.296291 16.700719 -0.299861452
97.257537 16.719180 0.252654704
96.863235 19.532723 -0.487807442
96.683211 19.532352 -0.648560072
96.908435 19.239496 -0.580492175
96.818088 19.240000 -0.733398360
96.908422 19.039626 -0.547795156
96.818200 19.039385 -0.515884440
96.728168 19.239496 -0.745592731
96.637955 19.239361 -0.723627753
96.728143 19.039095 -0.527349620
96.638086 19.039441 -0.622460130
96.503161 19.532976 -0.733739640
96.548168 19.239825 -0.551524743
96.458848 19.239991 -0.822395180
96.547799 19.040176 -0.609986195
96.469701 19.045484 -0.627272999
96.908249 18.839644 -0.487993190
96.818448 18.839509 -0.544137798
96.908525 18.640260 -0.443348937
96.818171 18.639898 -0.315009657
96.728048 18.839509 -0.494496641
96.640248 18.842536 -0.904949649
96.730103 18.644692 -0.593706939
96.637320 18.632664 -0.410941164
96.908595 18.440081 -0.491796555
96.841329 18.488216 -0.298998340
96.797646 18.482924 -1.457994782
96.841031 18.390658 -0.487491293
96.796332 18.388668 -0.967535028
96.909089 18.243491 -0.505285089
96.815920 18.244088 -0.076065903
96.724822 18.432848 -0.121612917
96.637728 18.440275 -0.382442767
96.727935 18.239725 -0.289929512
96.639108 18.242633 -0.412860416
96.546659 18.838583 -0.670390154
96.483941 18.854241 -0.922485629
96.551011 18.644897 -0.648390873
96.569026 18.453405 -0.514705524
96.861335 17.936859 -0.250552072
96.708159 17.963563 -0.227197733
96.907589 17.647372 -0.213491231
96.818344 17.650614 -0.100104542
96.930461 17.500638 -0.261651903
96.886663 17.501667 -0.032400444
96.930486 17.398865 0.059479437
96.886665 17.399363 -0.387764054
96.817252 17.449296 -0.075107694
96.739343 17.657444 -0.230943757
96.932220 17.296770 -0.166702425
96.890062 17.301090 -0.016003906
96.932878 17.206032 1.848745696
96.817109 17.245805 -0.004006723
96.877348 17.102671 -0.735426602
96.841167 17.102653 -0.559231603
96.796361 17.101112 -0.082270931
96.839816 17.009598 -0.052066215
96.794783 16.999819 0.428799875
96.731788 17.052588 -0.160313782
96.791642 16.907390 0.044792754
96.748860 16.864552 0.042251142
