96.022449 22.808845 -21.298202574
95.981862 22.817048 -11.035620469
95.939048 22.819483 -14.650808274
95.897167 22.815426 -16.005676736
96.065841 22.732197 -38.484720399
96.066456 22.642813 -131.395850793
96.066824 22.553158 -256.571752244
96.097338 22.462234 -194.678868846
96.068112 22.463018 -222.045274824
96.023973 22.732581 -30.923862073
95.981865 22.732517 -30.224522010
96.024054 22.642378 -137.839353374
95.981945 22.643403 -105.836850967
95.939115 22.732363 -53.225672691
95.896025 22.733261 -56.070837260
95.938931 22.643952 -127.081914275
95.896118 22.642035 -133.034180070
96.023974 22.553756 -292.461939828
95.981624 22.556947 -243.554406515
96.025126 22.468123 -242.570870932
95.981282 22.464112 -208.628398709
95.938676 22.552048 -235.003602999
95.896466 22.552914 -204.734743214
95.938136 22.463742 -215.422405426
95.896438 22.463128 -209.399010702
96.099379 22.372452 -2.042692075
96.068499 22.375381 15.830504187
96.101496 22.283348 147.913361311
96.067689 22.282816 184.820228398
96.104051 22.191023 190.287440705
96.066145 22.192896 237.176563127
96.105809 22.101744 111.939807184
96.067154 22.104546 164.656426770
96.026852 22.370854 98.434325522
95.978254 22.368084 -109.990026771
96.027650 22.283367 217.062427125
95.977129 22.282651 -74.184632928
95.938571 22.372713 -185.484252060
95.896436 22.373342 -164.796847595
95.938676 22.283248 -109.693031716
95.896454 22.283538 -116.942176786
96.035879 22.216717 256.275821425
96.010304 22.228478 265.501166710
96.007484 22.223446 -144.906257043
96.006161 22.212093 -266.899021694
96.010887 22.199010 256.067460990
96.006157 22.197963 -193.531450907
96.037277 22.174455 220.381936954
96.012782 22.186777 261.794833913
96.011761 22.186515 147.738505970
96.010331 22.186654 69.340016982
96.009375 22.187500 251.617864990
96.008611 22.187153 246.848149618
96.008490 22.186042 -56.095428467
96.010304 22.184311 -366.883178711
96.003042 22.193042 -186.383276367
96.002887 22.191577 268.419673375
96.007530 22.186310 67.320182800
96.006276 22.186849 236.516396523
96.006458 22.183370 -367.148389031
95.978189 22.190244 -273.025570917
96.041139 22.137758 259.206826579
96.034410 22.147049 -208.771321615
96.041658 22.115184 232.721514015
96.011153 22.077925 -19.656036590
95.979419 22.101339 -196.457257400
95.938635 22.193380 -185.348461941
95.896455 22.193528 -131.706403049
95.939094 22.103750 -191.092016280
95.896387 22.112260 -113.587742920
96.108021 22.012733 90.598598765
96.069732 22.014086 156.325479206
96.109149 21.923816 172.432916831
96.068973 21.924290 259.253622788
96.109810 21.836042 209.239523894
96.066332 21.834661 298.515934888
96.109010 21.747326 165.889301943
96.067058 21.745872 233.244240686
96.018691 22.014415 19.994519255
95.981007 22.013249 -105.905871980
96.010951 21.949160 -20.883054366
96.034839 21.898267 367.013702647
96.018802 21.888679 389.766333403
96.008568 21.888018 338.547946306
95.981260 21.925728 -115.831159238
95.939770 22.012377 -173.423682204
95.896209 22.003816 -107.646983007
95.939777 21.928084 -98.771387688
95.897643 21.931859 -58.895254862
96.024311 21.830428 388.396751480
96.000438 21.873006 -75.561767142
95.994774 21.874955 -63.305981263
96.000699 21.861233 360.343698430
95.994973 21.863110 372.080998032
95.986953 21.869147 21.690329804
95.998104 21.846035 397.047939513
95.987825 21.854950 -110.958712769
95.991089 21.848344 383.341278076
95.989153 21.850014 370.126509603
95.988125 21.850417 369.726521810
95.987240 21.847760 -236.146034241
95.987135 21.846615 -232.264915466
95.984064 21.850415 -227.026133078
95.989868 21.840321 385.784736896
95.983815 21.839178 354.037985542
95.970513 21.854850 -137.419095684
95.997332 21.824908 334.004986139
95.989708 21.829419 359.824614149
95.984240 21.829220 397.563923124
95.989458 21.817678 -78.351433494
95.984816 21.821679 387.418241613
95.984939 21.819105 -29.815150093
95.983886 21.821784 297.606203826
95.981736 21.822639 394.546330770
95.982708 21.820833 -168.551264445
95.981806 21.820903 -164.293757121
95.983614 21.819230 -118.352693309
95.982292 21.819151 -154.330167330
95.985685 21.815308 -139.665159680
95.982897 21.815268 -138.455562228
95.999630 21.810579 422.634154426
95.998223 21.810282 -84.292699477
95.999621 21.807917 123.006425337
95.998250 21.808167 -118.758547211
96.001420 21.803444 429.807908973
95.999757 21.804896 382.047571818
95.999583 21.802083 402.820660591
95.998371 21.801913 222.527039268
95.995450 21.805809 -47.384172919
96.000256 21.794837 385.952345209
95.996619 21.797769 375.939699707
95.993976 21.798279 327.383918430
95.996423 21.792506 255.578250340
95.993429 21.792622 -65.819016714
95.987212 21.800220 -107.091290070
95.969871 21.811542 -87.631525643
96.022956 21.744125 305.398178371
95.981063 21.746193 162.787351684
95.939054 21.826089 -74.444074040
95.895331 21.830602 -31.102427968
95.938946 21.744886 35.254420463
95.896611 21.743774 -41.654049550
96.110180 21.653237 140.814001992
96.065219 21.651548 184.890991760
96.108224 21.563290 129.941850097
96.066300 21.565021 164.649676440
96.140775 21.470348 68.898671162
96.142618 21.383231 64.281925311
96.109204 21.474193 81.313168621
96.065437 21.474726 123.063792037
96.109130 21.383099 90.047377953
96.065761 21.383316 137.228254666
96.024755 21.652745 226.883819431
95.980259 21.651529 134.577279609
96.023398 21.564428 143.036307898
95.980424 21.564529 -44.817323412
95.938866 21.653851 68.259206322
95.896412 21.654568 -34.849253244
95.938869 21.564839 -87.469169814
95.896467 21.564787 -80.575304731
96.023721 21.473622 140.908071495
95.979755 21.473859 -82.097997526
96.024267 21.386903 42.941782898
95.980570 21.383257 -258.641503752
95.939001 21.474759 -134.169535103
95.896463 21.474762 -92.480567692
95.938745 21.384493 -183.686919058
95.896461 21.384865 -101.838606541
96.145007 21.294210 66.252158404
96.147827 21.204362 79.227660273
96.108917 21.295032 95.452786393
96.067444 21.293777 148.025284904
96.108290 21.205708 111.314263390
96.066963 21.205126 122.286362335
96.149669 21.113523 76.467992135
96.150982 21.025042 106.433537100
96.107881 21.113642 110.934529245
96.066477 21.115004 99.599424729
96.108895 21.025424 170.168359684
96.066466 21.025722 201.621156501
96.024468 21.294753 87.563427062
95.979974 21.295546 -263.705247033
96.025015 21.203324 -81.907984525
95.981093 21.205063 -187.364528065
95.938935 21.295488 -148.854477921
95.896467 21.294517 -97.621275533
95.939055 21.205186 -140.922895736
95.896381 21.205507 -81.955446657
96.025059 21.115472 -168.460870553
95.981393 21.115558 -216.810116875
96.023645 21.028009 -31.070337707
95.981475 21.025606 -146.712628888
95.938991 21.115347 -136.656564310
95.897210 21.114741 -76.787375312
95.938963 21.025622 -92.274720794
95.896486 21.025452 -54.511121294
96.151569 20.936431 153.585699407
96.151319 20.845560 171.880753488
96.108995 20.936321 223.944541218
96.066857 20.936371 251.792780209
96.109065 20.845948 259.424548990
96.066556 20.846131 329.844814656
96.184521 20.753482 125.196553885
96.151391 20.756055 149.183823026
96.188544 20.663721 129.054502802
96.151446 20.666023 166.501032472
96.108965 20.756014 236.103036425
96.067282 20.756570 340.457450707
96.108988 20.666078 226.225965958
96.077063 20.688518 346.168712296
96.061381 20.699665 393.117205811
96.053349 20.705378 379.396658137
96.050000 20.709750 200.280779266
96.048792 20.709986 -59.543626912
96.049958 20.707125 62.433719889
96.048757 20.707036 -23.666625730
96.046657 20.708287 -153.307902442
96.049476 20.702986 383.852951734
96.047510 20.704534 -114.102222988
96.045928 20.704375 -205.415224942
96.047448 20.701024 202.184748967
96.045972 20.701014 -152.888986206
96.053517 20.694339 415.581760080
96.050055 20.698300 416.801878277
96.048827 20.698235 186.159454346
96.050015 20.695729 417.349417550
96.048762 20.696091 158.127297794
96.046588 20.696980 -218.171392052
96.049968 20.693141 415.750034039
96.048819 20.692616 419.092773438
96.046463 20.691562 -186.700626373
96.061327 20.677389 378.445711034
96.054937 20.685906 396.836131606
96.052950 20.687007 372.400638781
96.051875 20.686875 -45.311794705
96.051000 20.686792 -268.278176880
96.052798 20.685060 163.538279942
96.051875 20.684062 -109.473027547
96.051076 20.683889 -221.305864970
96.054950 20.680204 380.595986076
96.052625 20.681819 394.200231934
96.051917 20.682625 397.243658447
96.051000 20.682583 -93.017489624
96.051994 20.681101 185.935089111
96.050938 20.680972 -334.640670776
96.052889 20.678650 312.142222529
96.051875 20.679514 -258.334418403
96.051094 20.679688 -331.769657135
96.047577 20.682745 -283.262742566
96.055021 20.674927 378.188782168
96.052792 20.676083 -72.904757690
96.051931 20.676014 -266.906882731
96.055469 20.670156 378.589216232
96.054315 20.670357 333.718501500
96.055534 20.667636 294.514247728
96.054200 20.667862 -136.753244500
96.052757 20.670110 34.087686875
96.051363 20.670256 -287.453537423
96.052792 20.667875 -330.645123291
96.051554 20.667821 -328.133866530
96.047542 20.671653 -313.092599357
96.077072 20.643551 309.076141932
96.061492 20.654971 373.845463788
96.050018 20.654148 -197.382247161
96.062036 20.632649 351.709181911
96.055184 20.642096 297.910253188
96.054167 20.642292 -103.175727844
96.055257 20.639350 374.992666805
96.054175 20.639658 11.860810547
96.052097 20.641141 -240.260818481
96.051990 20.635422 -164.634846135
96.047654 20.638420 -242.750940540
96.051403 20.631000 -233.566678874
96.052774 20.628564 -11.162165592
96.051613 20.628511 -240.183417426
96.052019 20.623620 348.770317417
96.047710 20.626355 -191.250586507
96.022079 20.937022 -64.190880266
95.981712 20.936100 -105.455803433
96.044128 20.888306 398.078990736
96.042083 20.890104 278.231550217
96.040625 20.889989 -138.278463263
96.042020 20.886821 143.364343394
96.040951 20.887092 -204.362024058
96.044479 20.884097 338.691570918
96.043333 20.884167 323.859845161
96.044603 20.881230 -137.820133825
96.043437 20.881354 -126.348644257
96.041490 20.882851 -137.871301772
96.037582 20.885595 -191.933814875
96.044606 20.878573 -231.958914298
96.043403 20.878704 -225.504390293
96.044625 20.875889 -14.334090169
96.043264 20.875903 -67.845422250
96.041997 20.878559 -213.194300969
96.040985 20.878447 -202.057866877
96.042083 20.875833 37.886816025
96.040908 20.875842 139.934111328
96.043958 20.871487 386.128286121
96.041446 20.871434 389.214010590
96.038292 20.878486 17.024201457
96.039681 20.875931 227.526357015
96.035988 20.877451 269.042966802
96.039181 20.871192 334.894522603
96.036974 20.872927 355.081162226
96.035685 20.872875 249.202093724
96.029049 20.879296 -128.658101312
96.040727 20.858034 347.843346026
96.033453 20.865917 -27.802017403
96.030845 20.865946 -38.554768442
96.033553 20.860214 372.039521111
96.030888 20.860182 354.672461776
96.026664 20.863498 -78.158595423
96.033532 20.855273 345.782288276
96.030739 20.855057 296.293001955
96.030296 20.848530 -192.177238142
96.027559 20.851880 -149.618133025
96.013052 20.868636 -155.543533030
96.042878 20.840134 403.365690624
96.039613 20.844345 -165.150668553
96.038486 20.844903 -194.015294393
96.039622 20.842076 158.597456755
96.038403 20.841997 11.257026037
96.036042 20.843042 -198.543911743
96.038910 20.837708 438.013701806
96.043134 20.829366 437.044246674
96.038824 20.832758 443.211524575
96.036499 20.832112 438.295902252
96.038274 20.828423 443.864955357
96.039539 20.824881 307.680207934
96.038482 20.825010 211.142086211
96.036905 20.828185 439.340397426
96.035746 20.827870 441.285262569
96.036954 20.824931 113.307295300
96.036004 20.825777 448.750946045
96.035246 20.825852 451.460599032
96.036042 20.824375 78.383737183
96.035238 20.824405 141.674886431
96.034277 20.824498 315.934458116
96.027619 20.830565 458.859972273
96.042938 20.818468 397.536977639
96.039551 20.822324 9.547529954
96.038371 20.822140 -158.165953896
96.039633 20.820030 221.965359642
96.038287 20.820069 -32.439243741
96.036165 20.820836 -168.105100695
96.039401 20.816510 403.588195801
96.038417 20.816229 227.144644547
96.039558 20.813925 367.951546631
96.038299 20.813958 126.074215253
96.036229 20.815029 -181.217377208
96.044435 20.809563 374.711147853
96.041953 20.811016 91.192569733
96.040774 20.810476 -153.496032715
96.041801 20.808346 66.073484533
96.040833 20.808389 -149.158633931
96.044025 20.803879 398.933173322
96.042097 20.805417 396.328854370
96.040863 20.805402 138.829632350
96.042047 20.802407 408.766024886
96.040918 20.802708 406.392444752
96.037281 20.806512 -147.318604476
96.029982 20.811141 -188.924425922
96.012548 20.823831 -161.371210867
95.981460 20.846004 -94.046700927
95.938642 20.935928 -59.118867697
95.898099 20.937360 -39.789421499
95.939268 20.845705 -53.049825691
95.902418 20.847974 -22.990788488
96.023092 20.756256 -140.674991818
95.981208 20.756483 -107.431367237
96.023904 20.665620 -192.672610974
95.981482 20.666137 -110.631267776
95.939471 20.756265 -52.924856893
95.906415 20.759099 -8.343284746
95.938957 20.665683 -36.452028436
95.856405 22.804557 -22.020243185
95.854173 22.732475 -54.997477145
95.816118 22.729646 -58.141416418
95.854158 22.642711 -119.148510970
95.816085 22.643670 -102.127953073
95.854160 22.552945 -163.408969190
95.818119 22.553897 -129.059760104
95.854172 22.463014 -161.073799818
95.820158 22.464378 -125.733087374
95.854170 22.373336 -132.948706134
95.822243 22.372571 -119.438875200
95.854168 22.283544 -105.143263739
95.824221 22.285222 -90.282903635
95.854170 22.193518 -89.994174181
95.853513 22.104773 -72.590043063
95.853182 22.011861 -67.981987485
95.853512 21.926932 -40.923115549
95.855422 21.834886 -18.666051464
95.857569 21.745414 -28.648406647
95.859490 21.655527 -34.050327643
95.861476 21.565819 -45.284452216
95.863556 21.476214 -67.378058841
95.865519 21.386332 -65.711376324
96.228183 20.302851 125.526516568
96.234431 20.215282 85.621375696
96.236096 20.129063 17.965457831
96.270095 20.033090 -34.344999757
96.236022 20.035375 -19.470809866
96.276080 19.944650 -22.094404314
96.235907 19.947429 13.802378627
96.192444 20.574851 125.924847345
96.151482 20.576534 178.254427433
96.193727 20.486493 136.834037283
96.151588 20.485808 219.683228499
96.109004 20.576445 219.801335157
96.077100 20.598779 266.746121276
96.062154 20.610170 300.397172304
96.054602 20.618019 373.300384521
96.052110 20.618107 318.126458826
96.054688 20.612947 358.896493351
96.052853 20.614411 368.827856976
96.051917 20.615125 373.154998779
96.051004 20.615057 -20.064569647
96.051994 20.613601 189.280301775
96.050958 20.613667 -242.722560120
96.052981 20.611688 355.636898698
96.051875 20.612431 61.650878906
96.051004 20.612481 -237.924462058
96.051782 20.610995 84.478771634
96.051042 20.611042 -123.352328491
96.047797 20.615404 -213.792701657
96.053958 20.608661 44.050937108
96.055370 20.606227 -224.175381978
96.054167 20.606667 -254.446491877
96.052901 20.608942 305.124216813
96.051875 20.609583 330.479225159
96.051042 20.609583 303.894730886
96.051875 20.608333 238.701382955
96.051042 20.608333 -82.642410278
96.052986 20.606637 -187.999437241
96.051442 20.606619 -218.592046884
96.054781 20.601880 -263.289867401
96.052270 20.602046 -264.114753919
96.047780 20.604665 -267.744150245
96.065178 20.596257 228.397491696
96.063349 20.597708 -73.227674044
96.062083 20.597708 -146.935982568
96.063333 20.595000 89.910084009
96.062131 20.595128 -132.688401442
96.065246 20.590975 281.392685977
96.063392 20.592125 278.084474487
96.062153 20.591875 -23.065750122
96.063285 20.589183 283.543353741
96.062182 20.589748 -9.532246640
96.058525 20.593741 -195.588390259
96.064216 20.582357 270.193775940
96.060278 20.585304 261.578052521
96.057166 20.584752 -259.698740502
96.060779 20.581042 260.158811870
96.059661 20.580729 38.371155739
96.060804 20.577470 26.946002415
96.059494 20.577798 -258.156266349
96.057449 20.579209 -259.232953266
96.050459 20.587836 -274.371387909
96.077606 20.554886 292.171361942
96.063969 20.570647 233.449185637
96.058505 20.570983 -225.032407945
96.064192 20.559513 222.275393522
96.060890 20.564167 -312.343666770
96.059714 20.564167 -317.830820084
96.060856 20.560648 225.190217760
96.059560 20.561057 -144.802821407
96.057431 20.561837 -312.511648929
96.060833 20.558490 285.958380381
96.059509 20.558393 -98.947109767
96.060651 20.555339 243.065867424
96.059534 20.555625 -156.754947481
96.057614 20.556728 -351.420977853
96.050484 20.565471 -285.947550865
96.065102 20.551654 232.920267741
96.061979 20.552604 253.552562714
96.063361 20.549556 -153.649850928
96.062083 20.550234 28.243161201
96.065855 20.547091 283.805221031
96.064572 20.547314 -60.553611354
96.065875 20.544181 289.625528971
96.063371 20.547595 -354.422560258
96.063248 20.543640 -159.433898926
96.060842 20.552745 248.215384442
96.059618 20.552951 -2.220680237
96.060846 20.550012 37.382794997
96.057429 20.551565 -350.356234741
96.059919 20.545591 -350.083032102
96.057542 20.545783 -344.210134727
96.066007 20.541840 195.106803894
96.064424 20.541140 -88.083273495
96.065833 20.537917 -297.178770065
96.064475 20.538525 -297.676784668
96.063368 20.541406 33.972652435
96.062145 20.541164 -166.914951100
96.063327 20.538743 -303.323430215
96.062134 20.538700 -305.138956004
96.065884 20.535898 18.072278253
96.064642 20.535875 -283.171877441
96.065842 20.532808 -131.041533203
96.064640 20.532841 -293.183437001
96.062652 20.534161 -293.234352318
96.058573 20.536926 -324.888235452
96.050460 20.543020 -320.639656321
96.109501 20.486630 317.450133772
96.077990 20.509724 375.728012640
96.065833 20.530694 -303.234583537
96.064529 20.530318 -296.995472155
96.064411 20.527527 -0.465195366
96.063285 20.530128 -288.572906494
96.062091 20.530255 -288.079143383
96.063353 20.527534 11.525174541
96.062232 20.527391 44.919517517
96.065298 20.522976 346.854255894
96.062770 20.523548 352.263839722
96.061014 20.529958 -293.270214844
96.060807 20.527578 -144.413713455
96.059520 20.527382 57.145121699
96.058125 20.530164 -105.706440173
96.057448 20.530781 -153.004341125
96.057292 20.529583 279.156463623
96.056562 20.529375 332.942371368
96.058341 20.527478 160.511969205
96.056875 20.527593 334.340658400
96.059846 20.523519 356.727135552
96.057589 20.522934 357.190962771
96.065908 20.519008 434.054569092
96.064653 20.519319 446.812510173
96.065875 20.516625 922.869454956
96.064549 20.516319 1097.952534993
96.063403 20.519653 352.888554891
96.061806 20.519236 724.769243876
96.063383 20.516022 1096.625081380
96.061947 20.516114 1098.490218453
96.065913 20.513862 465.363046499
96.064479 20.513271 1033.939462280
96.066014 20.510458 1101.204866536
96.064547 20.511140 1109.151719037
96.062798 20.512073 1098.127223424
96.060979 20.519083 821.561337280
96.060849 20.516154 1108.039982722
96.059658 20.516092 1071.542358398
96.057452 20.517324 387.721356671
96.060821 20.513174 1094.748176126
96.059596 20.513664 958.743492575
96.060847 20.510597 826.251674398
96.057317 20.511943 410.138420883
96.054236 20.530903 -331.661188761
96.055444 20.527403 328.963919067
96.054333 20.527042 324.467459106
96.052765 20.530303 -329.886338667
96.051608 20.529942 -322.705147705
96.052786 20.527109 184.659509659
96.051736 20.528403 21.030644735
96.051004 20.528314 -125.329059948
96.051845 20.526815 363.829018729
96.051042 20.526875 304.754458110
96.054715 20.523460 352.271791305
96.052059 20.523129 370.167031757
96.049948 20.530017 -316.998906453
96.048742 20.530255 -307.619353118
96.049993 20.527466 192.985686518
96.048736 20.527417 253.815027873
96.047523 20.530255 -299.035363091
96.046017 20.530245 -286.033910415
96.047542 20.527417 296.609761810
96.046375 20.528250 -145.509677124
96.045625 20.528333 -278.803037008
96.046458 20.526875 225.991168213
96.045625 20.526935 169.873157501
96.049375 20.523125 395.923141915
96.046708 20.523106 416.642429897
96.053175 20.514283 379.771179799
96.049375 20.517500 398.649735120
96.047500 20.518958 412.294224330
96.046042 20.518958 420.409184047
96.047500 20.516250 368.623934507
96.046458 20.517083 415.665957133
96.045625 20.517083 280.560801188
96.046458 20.515625 150.365344238
96.045625 20.515625 -111.990253703
96.049363 20.511907 404.984399592
96.047500 20.513333 153.930435181
96.046042 20.513333 -243.725636131
96.047507 20.510397 271.164589174
96.046042 20.510417 -226.979762268
96.065888 20.507357 1069.509328742
96.064594 20.507621 1076.986373098
96.065928 20.504943 615.944201383
96.064444 20.504815 1008.196946886
96.063354 20.507646 1089.401196289
96.062120 20.508051 1098.723388672
96.063447 20.505000 927.401905407
96.065060 20.500950 406.178765248
96.063403 20.502014 388.064509801
96.062292 20.502003 340.630676270
96.063415 20.498958 398.706505817
96.061953 20.498984 -60.244287491
96.057320 20.506028 395.627065251
96.060625 20.501607 70.030061994
96.059497 20.502153 255.308425903
96.060868 20.499323 -266.351365407
96.059611 20.499103 -237.157003651
96.058333 20.502083 384.744633675
96.056875 20.502083 386.968325806
96.058275 20.499225 122.964764404
96.057292 20.500000 386.545054118
96.056458 20.500000 390.828501383
96.057260 20.498542 32.641648513
96.056458 20.498542 -49.014068095
96.065242 20.494902 386.985269130
96.063310 20.496505 304.733064440
96.062083 20.496458 -150.489469256
96.063281 20.493646 -112.526029905
96.062131 20.493990 -271.679840088
96.065169 20.489288 -216.411761443
96.062729 20.489334 -251.614369005
96.058668 20.492108 -256.659682801
96.054805 20.506129 365.579837086
96.052039 20.506210 335.414006254
96.055417 20.502083 392.323184013
96.054167 20.502083 70.270803690
96.055417 20.499167 86.187066793
96.054173 20.499173 -15.023199266
96.052082 20.500607 -261.650283681
96.049937 20.507708 412.971456776
96.048750 20.507708 422.969155448
96.050000 20.505000 152.978656292
96.048757 20.505050 75.841822131
96.047492 20.507724 127.996353715
96.046042 20.507708 -243.581303188
96.047493 20.504980 -113.769547985
96.046067 20.504943 -239.504636360
96.049350 20.500700 -240.060514679
96.046695 20.500584 -231.379643621
96.053308 20.492256 -240.011362613
96.047891 20.492120 -221.208809791
96.082379 20.474369 436.015509178
96.075075 20.481250 423.154785713
96.070427 20.483690 436.487474714
96.067708 20.485982 433.377397810
96.066958 20.486292 302.872332764
96.067755 20.484468 286.769882202
96.066875 20.484167 -223.437408447
96.067649 20.483601 240.813025338
96.066875 20.483417 -157.449731445
96.066792 20.481917 -60.510668945
96.070444 20.477431 408.247000122
96.068690 20.479539 392.177714757
96.067813 20.480208 109.326194763
96.066792 20.480333 -191.446221161
96.067708 20.478958 271.438863118
96.066944 20.478993 209.921492894
96.068850 20.476690 387.347690158
96.067248 20.477050 318.662220202
96.074602 20.469354 408.998499826
96.071280 20.473859 401.816619873
96.069984 20.473862 398.669288048
96.071296 20.471181 224.732322693
96.069891 20.471081 26.530461629
96.068827 20.473893 390.274251837
96.066597 20.474653 -233.467272441
96.066597 20.473333 -244.335332235
96.068837 20.471076 325.326645533
96.067276 20.470865 378.170867333
96.071243 20.468326 187.629813359
96.069992 20.468542 -167.094303589
96.071272 20.465510 47.343110972
96.070008 20.465285 -252.570515385
96.068047 20.466554 -185.166938225
96.082740 20.452792 425.766550908
96.076286 20.461264 390.879614205
96.074139 20.462672 147.878932124
96.073125 20.463333 397.992889404
96.072333 20.463458 395.139730835
96.073177 20.462031 -1.155399323
96.073958 20.460288 -211.595748175
96.072894 20.460023 -240.832730329
96.076110 20.455912 450.436705042
96.073371 20.455890 424.455503753
96.070387 20.461161 -189.374436394
96.068087 20.461258 -240.406408929
96.071280 20.457619 106.986510141
96.069948 20.457274 -121.438020070
96.069950 20.454174 419.647901864
96.068750 20.457115 -157.494942885
96.067292 20.457024 -236.982861655
96.068782 20.454071 -10.724019564
96.067274 20.454219 -225.824249903
96.072489 20.451129 456.845397949
96.072969 20.449740 448.317863464
96.072292 20.449583 452.409929911
96.073049 20.447898 -142.733437278
96.072292 20.448125 120.172099304
96.076617 20.445863 409.664126442
96.075434 20.445729 301.934217453
96.072935 20.444344 -225.514935906
96.070609 20.450224 409.484600850
96.068936 20.451568 26.840547260
96.068653 20.449125 -7.811522420
96.070722 20.444273 -245.998852030
96.068017 20.444067 -250.805298842
96.055201 20.464077 -224.036060057
96.193721 20.396669 173.864981791
96.150659 20.394805 251.391809783
96.193753 20.306926 180.643750877
96.151457 20.306862 267.570075699
96.109150 20.397013 332.152519595
96.083344 20.430719 372.466604293
96.071383 20.430515 -153.728912511
96.083522 20.408106 353.269020272
96.075779 20.416902 409.476877627
96.074153 20.418069 403.464973958
96.072723 20.418039 365.738239157
96.073171 20.416273 29.529513889
96.072254 20.416231 -8.571387551
96.073083 20.414708 -176.222666931
96.072292 20.414931 -170.439623515
96.075941 20.410941 369.055089744
96.074226 20.412455 155.275822776
96.072739 20.412215 -191.841198957
96.074145 20.409648 -65.111301817
96.072747 20.409779 -202.755960464
96.068951 20.413713 -192.402604623
96.075919 20.405473 265.427830783
96.073442 20.405235 -186.903570266
96.075999 20.399571 -156.988422316
96.073134 20.399581 -184.720250776
96.068978 20.402453 -221.742807965
96.055597 20.418647 -215.512334076
96.082709 20.386388 359.058018891
96.071650 20.385140 -163.030014073
96.086622 20.371785 375.169805578
96.084375 20.373510 379.711862417
96.083359 20.373255 248.812852383
96.084732 20.370446 179.042419434
96.083151 20.370599 -196.327427864
96.086964 20.367173 370.466770717
96.085851 20.367569 184.810469945
96.087045 20.364867 267.185733448
96.085808 20.364808 98.418939819
96.084112 20.365939 -158.801226102
96.079708 20.368611 -203.979511851
96.084993 20.357283 -123.394239723
96.079408 20.357093 -195.743196209
96.071878 20.363043 -197.240911290
96.055828 20.374534 -194.929922443
96.110109 20.306973 276.969576547
96.065652 20.307327 -201.839343162
96.023869 20.576333 -222.671686340
95.981502 20.575995 -121.604110436
96.024003 20.486733 -162.322258832
95.981699 20.487294 -87.974108159
95.938970 20.576355 -33.919118476
95.939308 20.490434 -33.167878953
96.023982 20.396852 -138.432089594
95.981432 20.396668 -62.836193149
96.024019 20.306842 -137.804289508
95.981373 20.306693 -70.163820514
95.943919 20.397382 -30.179611189
95.948687 20.311497 -40.222524118
96.194732 20.217634 149.235430628
96.151058 20.217707 260.086705690
96.194919 20.131869 90.422147448
96.151955 20.128512 173.403014322
96.119631 20.239638 410.618669650
96.106777 20.256888 476.089525223
96.103411 20.260781 458.339578629
96.102187 20.261007 449.938468933
96.103512 20.257708 487.597797939
96.101939 20.257548 -146.525132399
96.099308 20.260542 440.433256836
96.100895 20.258174 -135.103317261
96.099750 20.258875 446.321258545
96.098958 20.258750 449.887039185
96.099010 20.257188 11.257995605
96.102651 20.253342 492.569575062
96.100817 20.254952 442.658039973
96.099740 20.255781 31.306114197
96.098958 20.255833 -246.294731140
96.099750 20.254542 -19.274978638
96.098958 20.254583 -241.569651286
96.100799 20.252309 183.051897049
96.099375 20.252500 -246.282800674
96.106714 20.245416 420.769566497
96.102887 20.248585 387.661882277
96.099835 20.248260 -225.127350012
96.103426 20.244051 411.032830132
96.102143 20.243363 412.970541818
96.103365 20.241442 326.257675171
96.102075 20.241475 -16.006556396
96.099883 20.242643 -233.609346390
96.093178 20.250329 -253.763063658
96.106835 20.234331 382.727996674
96.102431 20.236835 -267.580520630
96.099929 20.237185 -274.913027880
96.103333 20.233032 55.775093926
96.102121 20.232955 -163.492804787
96.100814 20.233011 -258.383868131
96.099344 20.233094 -294.552564833
96.100795 20.229884 399.186757406
96.099792 20.230625 396.733022054
96.098920 20.230777 146.877266624
96.099792 20.229375 395.397698975
96.098958 20.229375 392.500927734
96.106483 20.222210 373.496314062
96.103388 20.226985 368.496119449
96.101958 20.227264 379.126538086
96.103333 20.224519 364.622032752
96.102140 20.224356 62.267421376
96.100842 20.227292 383.540250244
96.099792 20.227917 387.632865906
96.098958 20.227917 388.161155701
96.099792 20.226708 121.508618164
96.098917 20.226625 25.035789490
96.100919 20.224081 -98.393604952
96.099246 20.224346 -255.556185492
96.103333 20.221667 365.083814181
96.102270 20.221897 232.206571077
96.103333 20.219259 234.024628533
96.099792 20.220180 -238.153581357
96.093076 20.228479 -257.822466803
96.120594 20.195613 288.769723920
96.108304 20.215982 89.025788443
96.107099 20.216587 280.577328022
96.105817 20.216298 233.266243568
96.104625 20.216458 336.637740072
96.105893 20.214077 -102.978553772
96.107835 20.208723 335.766202180
96.105753 20.209728 146.851560152
96.104524 20.210327 -185.084858486
96.100973 20.211416 -224.997660319
96.106352 20.199860 310.670200581
96.103177 20.204714 -80.073884964
96.102075 20.204775 -134.307535858
96.103348 20.202009 309.778051104
96.102035 20.202179 27.229515809
96.100833 20.204776 -244.765373817
96.099421 20.204931 -273.714638039
96.100897 20.202228 -140.842744094
96.099792 20.202917 -272.661140442
96.098958 20.202917 -275.406341553
96.099728 20.201426 42.593240885
96.098988 20.201458 -22.628121240
96.102734 20.197713 294.424691865
96.099977 20.197788 215.750945386
96.093267 20.206561 -261.864616092
96.107007 20.193542 154.576222470
96.106894 20.190928 -209.100201520
96.105781 20.193663 231.274168015
96.104653 20.193576 250.425628662
96.105969 20.190969 -222.696172963
96.106819 20.188264 -179.621552277
96.105110 20.186368 -228.023533541
96.102601 20.192601 244.186168344
96.100826 20.193588 289.232449002
96.099375 20.193542 249.653313773
96.100741 20.191204 179.856295268
96.099830 20.191723 285.826474276
96.098920 20.191723 281.014518044
96.099792 20.190000 -117.351776123
96.098883 20.190057 -149.853575273
96.102976 20.186473 -222.776460103
96.099813 20.186526 -232.023430718
96.106473 20.177256 -194.315579188
96.101245 20.177904 -218.091003036
96.092800 20.184787 -228.516935365
96.066029 20.217818 -209.771602267
96.120575 20.150621 164.296752972
96.097831 20.150553 -154.060444080
96.119827 20.105099 148.851014299
96.097876 20.104198 -211.712771131
96.065132 20.124864 -222.547703417
96.193562 20.035238 56.903709467
96.153354 20.038396 65.067098806
96.193807 19.947823 94.555593300
96.155424 19.950697 9.636205590
96.106573 20.037879 -263.829272336
96.065966 20.038251 -216.457411661
96.107579 19.951996 -297.555638103
96.064994 19.950045 -214.518717656
96.024229 20.217825 -118.803721457
95.980983 20.218957 -64.843597661
96.025376 20.122284 -128.616362517
95.983287 20.129161 -76.843488198
96.023967 20.037469 -126.350817810
95.990577 20.041664 -88.318259841
96.023687 19.948836 -141.013037711
96.312338 19.764427 -55.800927622
96.278553 19.857915 21.378811557
96.235545 19.860759 109.750035184
96.279962 19.767158 -23.396018669
96.235728 19.765637 60.367105107
96.318818 19.675818 -94.982443721
96.322823 19.588429 -107.135326096
96.276932 19.678704 -67.805316968
96.236056 19.678031 -4.010754621
96.277746 19.587800 -62.259200385
96.235847 19.587587 33.425735915
96.394817 19.226499 -108.381356264
96.353754 19.493841 -109.148622221
96.322381 19.496878 -86.263391181
96.360321 19.405716 -95.895738273
96.321655 19.408446 -61.557790466
96.276533 19.498096 -18.121886369
96.236171 19.497751 15.193391342
96.277086 19.408421 9.082164413
96.238407 19.409471 0.559531866
96.363530 19.318781 -87.011317049
96.323077 19.318147 -36.411871754
96.362298 19.226990 -66.416066610
96.321242 19.228392 16.398852558
96.277997 19.317427 42.335366360
96.236977 19.322510 -44.900616115
96.279736 19.231773 -27.334356040
96.234148 19.226565 -160.369513330
96.193698 19.856702 219.916456574
96.163267 19.879450 190.617724043
96.139937 19.877641 -304.279668433
96.167891 19.846590 200.776667573
96.160947 19.855423 193.095777801
96.158888 19.855286 203.962933039
96.161052 19.849108 -266.938857445
96.158624 19.849194 -211.628832365
96.154078 19.852135 -294.870188002
96.161900 19.845306 -294.171524945
96.160069 19.845375 -291.462068685
96.160189 19.842348 -82.003641996
96.159352 19.845370 -291.458977593
96.157462 19.845473 -292.853455977
96.159241 19.842396 -69.851694924
96.158194 19.843264 -292.856770833
96.158125 19.841644 142.341377258
96.157292 19.841458 174.278668722
96.160965 19.838356 218.234777757
96.158368 19.838084 156.624360975
96.153951 19.840042 -214.658347436
96.170275 19.829817 265.488353400
96.164988 19.829923 285.808924234
96.170321 19.818262 234.320661855
96.167208 19.822708 236.012026215
96.165807 19.822266 -30.234066963
96.167066 19.819809 -202.231568178
96.165813 19.819966 -230.802115656
96.164525 19.822575 96.234148560
96.163588 19.823264 246.877992418
96.162667 19.823375 144.387457275
96.163634 19.822060 -107.305343628
96.162656 19.822240 -233.165838242
96.164603 19.820020 -228.734952865
96.163222 19.819833 -226.648410543
96.167083 19.817083 53.519865476
96.165759 19.817128 -140.162817683
96.167056 19.814125 -104.342505328
96.165833 19.814167 -219.915004671
96.163954 19.815707 -247.514369252
96.156879 19.824597 -168.937040979
96.140659 19.835402 -268.560810607
96.194588 19.768897 136.738251717
96.149858 19.769251 -211.129964989
96.108994 19.852420 -238.227185218
96.065752 19.853626 -169.570920034
96.109083 19.766009 -193.589975382
96.065447 19.768203 -150.060380860
96.195839 19.675746 -15.199998369
96.150850 19.674837 -336.415331723
96.204618 19.610858 72.238559735
96.188744 19.621885 97.777200751
96.182792 19.632375 19.373276265
96.181708 19.631688 -195.638436127
96.182734 19.628880 -16.895700455
96.181801 19.629375 -168.753099778
96.180369 19.631795 -123.431572254
96.179468 19.632662 99.184037950
96.178482 19.632589 30.344547817
96.179479 19.631042 -362.937808990
96.178458 19.631167 -218.438735199
96.180282 19.629694 -391.360146915
96.178886 19.629375 -428.130246919
96.182243 19.624695 113.078234118
96.179414 19.624471 24.683760713
96.176844 19.630388 -396.427920188
96.174167 19.630458 -433.924801081
96.177565 19.626228 -214.946697367
96.176146 19.626146 -119.628091812
96.177500 19.623333 100.683060408
96.176286 19.623470 9.935677890
96.174363 19.625550 -326.737514781
96.182267 19.619191 -23.681864121
96.180511 19.620739 104.650935433
96.179292 19.621542 114.716877747
96.179375 19.619970 -13.845274789
96.178542 19.619583 -323.034235636
96.180498 19.617745 -322.187175253
96.178835 19.617878 -335.937601725
96.182343 19.613393 -307.810130185
96.179908 19.613339 -343.884028266
96.175643 19.616472 -318.202548418
96.191942 19.605529 93.615336989
96.187717 19.608193 89.077240613
96.184786 19.607819 -10.122002227
96.187324 19.601635 -259.098772049
96.184959 19.602194 -293.263711219
96.192904 19.596800 77.340929514
96.190753 19.597772 66.113122793
96.189562 19.598167 -6.934353256
96.189393 19.595408 -199.396692359
96.193361 19.592431 -253.907705434
96.192292 19.592267 -322.969523710
96.193516 19.590182 -200.560934067
96.189983 19.591100 -389.007017212
96.186326 19.593945 -352.691294240
96.178183 19.598238 -365.477961778
96.205368 19.565676 55.767352260
96.182218 19.565450 -337.182109262
96.151255 19.585777 -277.521967861
96.109545 19.676365 -184.230453981
96.066357 19.679196 -126.588185199
96.108538 19.587693 -177.954108268
96.067981 19.589794 -134.509607675
96.025954 19.858925 -127.213942816
96.032810 19.770902 -113.292092102
96.193690 19.498339 -244.963646607
96.151404 19.498257 -283.195951561
96.191205 19.406007 -245.898158401
96.152693 19.410474 -191.932887593
96.109186 19.499102 -182.576993007
96.073998 19.502988 -132.269874932
96.108185 19.408997 -129.496477261
96.193320 19.319237 -231.057670476
96.152951 19.318184 -152.365727410
96.193434 19.231191 -184.057188888
96.151491 19.231062 -131.560624088
96.109337 19.319402 -95.775512635
96.115833 19.232466 -90.773344797
96.364556 19.138190 -74.524736551
96.320381 19.136579 48.167096300
96.360030 19.054795 -36.499098573
96.321432 19.047667 59.209371621
96.280737 19.136915 75.536225008
96.235358 19.142784 -172.597827625
96.280176 19.045188 -28.212941713
96.235856 19.046422 -149.119410539
96.319549 18.960542 -48.147839231
96.319587 18.870541 -43.295066844
96.278093 18.959615 -145.363142674
96.237106 18.959591 -122.961506275
96.278511 18.868599 -183.424715891
96.237094 18.868672 -120.237385689
96.278419 18.781270 -79.092431869
96.236187 18.779295 -35.290134206
96.276669 18.691369 -9.761485488
96.235785 18.691645 22.335389069
96.235374 18.597936 56.966309408
96.239665 18.515461 47.733913280
96.194383 19.140450 -159.459845181
96.150562 19.140144 -102.321962840
96.194920 19.049640 -116.745767159
96.151014 19.049583 -68.963098818
96.193329 18.956146 -91.137830706
96.157694 18.961270 -57.578597985
96.192729 18.869857 -59.391942359
96.194353 18.778399 -16.475733130
96.200299 18.698001 28.369702304
