97.135263 23.130994 0.275412341
96.984166 23.133150 0.023023094
96.818348 23.140636 -0.144012713
96.650525 23.139195 -0.182790033
97.106329 22.825268 0.228224987
96.985172 22.798649 -0.022373454
96.980542 22.463599 -0.059707474
96.817797 22.798763 -0.075965818
96.650076 22.798931 -0.239907759
96.817128 22.458206 -0.184077561
96.650027 22.457968 -0.217658467
96.483041 23.136001 -0.079896774
96.314560 23.134610 -0.060984975
96.144515 23.433511 0.006800280
95.978731 23.449701 0.024320215
96.146863 23.142078 0.038901134
95.978359 23.139925 0.030587928
96.482130 22.798606 -0.145978815
96.358055 22.883182 0.143193720
96.274664 22.884565 0.148737285
96.358135 22.714415 -0.161485060
96.274576 22.714678 0.103666373
96.482580 22.458357 -0.067762723
96.357909 22.546554 -0.079176464
96.296289 22.588285 0.007881755
96.253843 22.586456 -0.447739081
96.297204 22.503318 -0.100491981
96.252905 22.503928 0.314277241
96.360135 22.371816 -0.035513744
96.295856 22.419609 0.498613785
96.252697 22.419838 0.408746209
96.296135 22.329987 0.514631458
96.253105 22.330373 0.197057950
96.190625 22.884029 -0.311043319
96.129875 22.924135 0.145919745
96.084949 22.923999 -0.114374902
96.128721 22.841530 -0.337993934
96.085750 22.842481 0.065991798
96.212377 22.757030 -0.107646483
96.172374 22.757365 -0.656423986
96.212463 22.672525 0.283532423
96.172842 22.670685 0.638941978
96.128776 22.757990 0.142177424
96.096087 22.765100 0.299524192
96.127683 22.671939 0.156879116
96.026172 22.903051 0.035294216
95.938820 22.916026 -0.180947593
96.211309 22.587298 0.785884147
96.172008 22.588704 -0.131820062
96.213508 22.502388 0.367271777
96.171278 22.502973 0.704292298
96.128402 22.587986 0.334616559
96.128991 22.504993 0.654091325
96.212377 22.419259 0.571767829
96.171309 22.418867 0.199365467
96.212642 22.330419 0.366045970
96.172494 22.331153 0.873374107
96.130806 22.420339 0.969205925
96.132544 22.331511 0.851633301
96.953543 22.134610 -0.075046069
96.817894 22.117191 -0.129803287
96.650533 22.116778 -0.163104432
96.817931 21.774510 -0.150243038
96.650795 21.774948 -0.225544096
96.796297 21.444289 -0.196990171
96.650592 21.428785 -0.247544463
96.649904 21.081819 -0.187699127
96.482158 22.117354 -0.106243989
96.358845 22.200658 -0.027207244
96.296236 22.242316 0.474460308
96.253162 22.242092 0.283714837
96.296187 22.159408 0.116629704
96.252905 22.158579 0.473962886
96.359406 22.031939 0.008932964
96.295534 22.074299 0.225552104
96.253063 22.073528 0.504242049
96.294953 21.989016 0.736825594
96.251824 21.989517 0.158719269
96.483140 21.774414 -0.213076181
96.358605 21.863767 0.153385479
96.296083 21.904195 0.312905493
96.253063 21.904749 0.270736857
96.295727 21.819741 0.166381192
96.253430 21.820583 0.318352898
96.357802 21.690431 0.067391221
96.296550 21.736153 0.168192065
96.253012 21.737190 0.252987051
96.295693 21.646503 0.295758958
96.253050 21.646384 0.219015079
96.212704 22.241682 0.882631954
96.171315 22.242606 0.890355813
96.212463 22.158063 0.739902425
96.172866 22.158066 1.106213654
96.134681 22.244332 1.149110338
96.135959 22.157015 1.349398648
96.213082 22.073640 0.527754268
96.171538 22.073492 0.747351630
96.213023 21.990010 0.416639180
96.171482 21.989437 0.731408223
96.139427 22.075062 1.151039381
96.140628 21.991735 1.086460810
96.212526 21.904754 0.592715315
96.171386 21.904675 1.073174422
96.211456 21.820474 0.453983123
96.171644 21.819626 0.477862659
96.211614 21.736785 0.350496600
96.172244 21.736264 0.648600054
96.211897 21.646372 0.519512648
96.170433 21.649270 1.052326668
96.525268 21.515477 -0.169747567
96.442152 21.516300 -0.012974509
96.524992 21.344295 -0.340574557
96.441551 21.343128 -0.195967971
96.357574 21.517720 0.214169663
96.295723 21.558995 0.074879306
96.252854 21.559506 0.293414188
96.296337 21.474965 0.304862944
96.252632 21.476381 0.271387075
96.358192 21.344178 0.115856297
96.296555 21.391032 0.300529010
96.253762 21.391467 0.318190434
96.296470 21.301199 0.220402263
96.253055 21.299813 0.331336817
96.525732 21.170961 -0.154100942
96.442091 21.171451 -0.085647372
96.525988 20.999395 -0.086994594
96.442400 20.999192 -0.196338966
96.379689 21.213932 0.245235368
96.339210 21.213680 0.102241950
96.379862 21.128963 -0.119154821
96.338900 21.129468 -0.091720646
96.296135 21.213643 0.246593133
96.252538 21.214277 0.207767641
96.295942 21.131739 -0.008849972
96.252799 21.129781 0.300228390
96.380010 21.045049 -0.511616190
96.340328 21.043309 -0.086903845
96.379730 20.956258 -0.184973576
96.339561 20.957040 -0.157000579
96.295065 21.042396 0.227136024
96.253121 21.045253 0.193750894
96.296277 20.956547 0.136450405
96.253405 20.957123 0.070172404
96.212315 21.559535 0.357139015
96.171731 21.559642 0.538827526
96.212843 21.475993 0.751194944
96.173947 21.473223 0.359227512
96.210743 21.393710 0.515573738
96.175808 21.392482 0.485900777
96.212032 21.299496 -0.062737856
96.177253 21.300765 0.031803093
96.212348 21.213010 0.089898199
96.180229 21.214589 0.512207418
96.212348 21.129798 0.330024084
96.181885 21.130825 0.786495609
96.212523 21.044839 0.653207533
96.183458 21.046990 0.531878097
96.213257 20.962037 0.608553064
95.810523 23.464057 -0.020535136
95.652066 23.465392 0.039560195
95.812434 23.140938 0.013968173
95.644858 23.140528 0.078661458
95.852449 22.899109 -0.054887994
95.771920 22.883588 0.002989178
95.764125 22.718299 -0.008447120
95.648324 22.803434 0.007957295
95.785446 22.588264 -0.243453314
95.750360 22.588102 -0.209624969
95.787906 22.502990 -0.120567895
95.751283 22.509818 -0.087201262
95.791127 22.415673 0.124934728
95.748168 22.419341 -0.285004655
95.791212 22.330256 -0.366931060
95.751056 22.329806 -0.598393175
95.687663 22.554350 -0.064640042
95.601928 22.545984 0.299821526
95.710980 22.419227 0.032596416
95.669384 22.416803 -0.235502824
95.709491 22.330782 -0.293945826
95.668928 22.330246 -0.171432248
95.601529 22.369958 -0.229992986
95.496227 22.783159 -0.049232126
95.479323 22.452310 -0.004083084
95.793388 22.242173 -0.411987353
95.750666 22.241843 -0.293407618
95.793590 22.158104 -0.544200477
95.750360 22.158104 -0.296539678
95.793590 22.073640 -0.543287259
95.750461 22.073604 -0.323462408
95.793539 21.989139 -0.509084499
95.750360 21.989176 -0.424493623
95.709978 22.241948 -0.298064538
95.669617 22.241829 -0.163530454
95.709747 22.157982 -0.122910519
95.669305 22.158104 -0.179264272
95.604305 22.198932 -0.083458708
95.709833 22.073640 -0.367265035
95.670099 22.074919 0.053060591
95.709893 21.990285 -0.453654515
95.669835 21.989326 -0.352409265
95.603879 22.031549 -0.100408824
95.793590 21.904269 -0.454886892
95.751140 21.903722 -0.399608771
95.793590 21.820248 -0.603787289
95.750360 21.820248 -0.341653632
95.793692 21.735422 -0.337834414
95.750257 21.735235 -0.364810392
95.793590 21.647481 -0.487246622
95.750746 21.646658 -0.273200395
95.688076 21.862437 -0.169126916
95.605079 21.863944 -0.141322336
95.688182 21.690027 -0.303292019
95.604661 21.689237 -0.122611214
95.477233 22.115641 0.035068955
95.344702 22.096293 0.073168527
95.477416 21.772594 -0.086867317
95.315056 21.768810 0.011651120
95.831072 21.513424 -0.383944091
95.794010 21.560109 -0.428917367
95.750572 21.559253 -0.196213158
95.793749 21.473961 -0.125974385
95.750955 21.474176 -0.504767906
95.835311 21.341352 -0.483871774
95.793075 21.390432 -0.263751700
95.750739 21.390326 -0.442243271
95.793590 21.302079 -0.322565899
95.750647 21.301810 -0.171853877
95.687980 21.516989 -0.187367783
95.604291 21.517066 0.002545977
95.688661 21.344472 -0.310993101
95.604460 21.343856 -0.066897246
95.836820 21.213643 -0.541477938
95.836820 21.129179 -0.528048837
95.793335 21.213571 -0.322062053
95.750259 21.213535 -0.229972609
95.793590 21.129179 -0.393701941
95.750360 21.129179 -0.406233193
95.836971 21.044823 -0.567409530
95.838091 20.954718 -0.507730011
95.793590 21.045295 -0.342805430
95.750516 21.046118 -0.197449457
95.794311 20.952419 -0.070723366
95.750506 20.946139 -0.370443868
95.688240 21.171411 -0.120129385
95.604516 21.171431 -0.069659065
95.687446 21.001744 -0.090498912
95.604507 20.998159 -0.112473609
95.476884 21.428672 -0.010686591
95.310880 21.423338 0.019303655
95.477846 21.083826 0.113990050
95.311605 21.087183 0.135102539
95.158067 21.067890 0.092225391
96.635381 20.747649 0.019093425
96.602996 20.429317 -0.051824279
96.526958 20.823571 -0.101006545
96.442588 20.822269 -0.121186593
96.526099 20.656651 -0.306045757
96.464169 20.699255 0.064107889
96.420693 20.699220 -0.061482528
96.464010 20.614827 0.183998741
96.420420 20.615308 -0.224503566
96.377848 20.870910 0.191859656
96.340334 20.870274 0.778921470
96.380338 20.784109 0.145805240
96.340218 20.783119 0.242094534
96.294581 20.866861 0.696774354
96.255194 20.863185 0.246721928
96.295933 20.783609 0.428820926
96.253058 20.783427 0.371674853
96.380237 20.699181 -0.164486504
96.340274 20.698231 0.186301208
96.380386 20.614511 -0.148823836
96.339263 20.614572 0.006413915
96.295745 20.699062 0.395224550
96.252957 20.699876 0.462647027
96.296817 20.614009 0.222714098
96.252497 20.614572 0.719158526
96.525971 20.487406 -0.248516625
96.463852 20.529858 -0.223526105
96.420318 20.529456 -0.339126283
96.464058 20.446441 -0.112340605
96.420473 20.446646 -0.264268111
96.525211 20.316183 -0.118603972
96.463547 20.360850 -0.038869839
96.420056 20.360661 -0.032566380
96.463415 20.272888 -0.208627805
96.419933 20.273022 0.070232836
96.379750 20.530132 -0.498930048
96.339566 20.530432 0.059056926
96.379693 20.445829 -0.366181773
96.339263 20.445897 -0.167751353
96.296395 20.530696 0.320024117
96.253060 20.530290 0.595673607
96.296135 20.445789 0.139256618
96.252853 20.446050 0.615671158
96.379750 20.361204 -0.201656714
96.339673 20.361581 0.135069014
96.379892 20.273172 -0.051195762
96.339412 20.273226 0.324605113
96.295486 20.361479 0.095963282
96.254474 20.363843 0.663912015
96.295561 20.272071 0.360505422
96.260936 20.276648 0.492207316
96.213728 20.859950 0.983698260
96.213823 20.784181 0.882561428
96.217895 20.700857 0.573134606
96.221465 20.617160 0.781542623
95.912005 20.359003 -0.604853386
95.917110 20.271799 -0.674134147
96.525907 20.143655 -0.109422474
96.463392 20.184901 -0.208688592
96.419952 20.185162 -0.113139457
96.463238 20.099779 0.063414886
96.420677 20.100876 0.065924350
96.520224 19.979904 -0.083607398
96.463701 20.016193 0.023663798
96.420216 20.015791 -0.112442065
96.463598 19.931327 -0.243751985
96.420420 19.931844 -0.031117356
96.379979 20.185338 -0.112881263
96.338897 20.185088 0.197297226
96.379388 20.100803 0.042201804
96.339153 20.100104 0.075267188
96.295980 20.185633 0.529194804
96.296869 20.101559 0.458285761
96.379631 20.015254 0.257997603
96.339519 20.015535 -0.023565376
96.379566 19.931200 -0.004881571
96.339627 19.930693 0.606863477
96.504583 19.819796 -0.349845945
96.463977 19.847289 -0.225589697
96.420596 19.846612 -0.215185516
96.463804 19.762435 0.018853280
96.420741 19.761905 0.050867909
96.463599 19.678152 0.052325388
96.420622 19.678114 0.223188908
96.458058 19.594721 0.363772346
96.420608 19.589365 -0.017939520
96.380162 19.845711 -0.131370691
96.339720 19.848075 0.176280268
96.379693 19.762035 -0.431055116
96.344501 19.764153 0.161500603
96.379835 19.678588 0.013403451
96.349812 19.682030 0.532215888
96.380230 19.588512 -0.494108809
95.917774 20.184396 -0.660858626
95.952804 20.097640 -0.776982878
95.917825 20.100362 -0.756430770
95.958806 20.012687 -0.393941240
95.917616 20.017120 -0.412112454
95.961555 19.935934 -0.412142872
95.916524 19.938457 -1.050823837
95.961822 19.844826 -0.277984463
95.917937 19.841082 -0.721045147
95.961264 19.761721 -0.682631348
95.918030 19.762582 -0.467815286
96.004597 19.678121 -0.904389351
96.035656 19.584086 -0.674838118
96.004429 19.589430 -0.363912699
95.961259 19.678337 -0.521783479
95.919547 19.679162 -0.238150422
95.961640 19.588317 -0.178326558
95.918074 19.589068 -0.367772727
96.451629 19.507832 0.329227359
96.421339 19.502864 0.151289395
96.418805 19.418012 0.854323137
96.381682 19.504569 0.515098385
96.388214 19.421932 0.357376319
96.042230 19.498572 -0.381827535
96.004640 19.501256 -0.423946734
96.044650 19.416476 -0.985338824
96.004594 19.417381 -0.418210726
95.939589 19.459478 -0.430108329
96.044460 19.332482 -0.255065246
96.004767 19.333629 -0.071947571
96.044920 19.247365 -0.511389291
96.004224 19.246996 -0.063103771
95.938857 19.290692 -0.121446969
96.084462 19.163512 -0.477079083
96.114865 19.074646 -0.079730764
96.085339 19.079265 -0.267457192
96.120797 18.992425 -0.296001267
96.085133 18.994070 -0.386368225
96.127098 18.903111 -0.027252172
96.085103 18.905766 -0.030643780
96.044862 19.163473 -0.444399067
96.004174 19.163131 -0.036684318
96.044427 19.078720 -0.392674890
96.004389 19.079393 0.292277241
95.938988 19.120674 -0.029167409
96.023380 18.948809 -0.465131358
95.938871 18.947760 -0.262391631
96.163204 18.728808 -0.052494855
96.128620 18.817667 -0.509607887
96.084508 18.817782 -0.874086707
96.128463 18.733288 -0.318169249
96.085390 18.734199 -0.452312253
96.177114 18.592674 0.240810977
96.107492 18.602909 0.007874714
96.023317 18.776102 -0.186090259
95.939579 18.775895 -0.233577034
96.024216 18.604049 -0.023659856
95.938083 18.602588 0.330442450
96.189089 18.430381 0.020775316
96.107662 18.430066 -0.077673754
96.179458 18.266435 -0.505071306
96.106372 18.261175 -0.122872773
95.978334 18.359070 0.056268149
95.870614 20.865732 -0.663465356
95.836357 20.868365 -0.605311311
95.874379 20.781512 -0.718280658
95.836971 20.783609 -0.464187367
95.793742 20.868503 -0.435577161
95.750562 20.868432 -0.265244080
95.794053 20.782877 -0.347326879
95.750360 20.783645 -0.366155017
95.877148 20.699625 -0.652390643
95.836820 20.699181 -0.517969301
95.876724 20.615350 -0.566897910
95.836820 20.614717 -0.463888793
95.793590 20.699181 -0.522255021
95.750360 20.699181 -0.407365169
95.793590 20.614717 -0.399700192
95.750360 20.614717 -0.355430513
95.688143 20.826069 -0.152123753
95.604377 20.825818 -0.044233196
95.688173 20.656781 -0.210076675
95.604641 20.656870 -0.138849422
95.877003 20.530906 -0.705762029
95.836820 20.530253 -0.548462711
95.877205 20.445749 -0.613249588
95.836820 20.445789 -0.418823681
95.793590 20.530253 -0.424940949
95.750360 20.530253 -0.360365199
95.793439 20.445753 -0.408315993
95.750360 20.445789 -0.302303858
95.877348 20.361325 -0.472344907
95.836719 20.361361 -0.264675356
95.876915 20.273866 -0.652272623
95.836773 20.273088 -0.192732935
95.793590 20.361325 -0.295777121
95.750360 20.361325 -0.461645808
95.793497 20.273419 -0.308217944
95.750360 20.273556 -0.278101141
95.688284 20.487895 -0.171744069
95.604502 20.487685 -0.090679008
95.688218 20.315254 -0.176516011
95.604286 20.315835 -0.124355289
95.477532 20.741595 0.024572716
95.310786 20.739116 0.140675148
95.477553 20.399946 0.046303330
95.309982 20.399316 0.114946355
95.877205 20.184274 -0.630926666
95.836769 20.185113 -0.499360268
95.877175 20.100010 -0.413555537
95.836820 20.100033 -0.068582212
95.771904 20.142568 -0.233212085
95.877547 20.016235 -0.501719745
95.836979 20.016845 -0.380905102
95.876396 19.930408 -0.531452004
95.836341 19.927099 -0.560899914
95.770768 19.975103 -0.209723498
95.645003 20.058333 -0.112479441
95.855809 19.804067 -0.061650538
95.771762 19.804429 -0.284361312
95.855401 19.632104 -0.111995754
95.772211 19.631312 -0.269148587
95.644981 19.716713 -0.016913603
95.477265 20.057853 -0.013171466
95.309470 20.059470 0.087682099
95.477479 19.716304 0.088539260
95.310171 19.716147 0.183082298
95.142405 20.741505 0.159952925
95.142537 20.399726 0.155207817
95.007363 20.381119 0.034333690
95.142949 20.059548 0.136390390
94.979146 20.052340 0.051425632
95.142396 19.716998 0.163539468
94.974764 19.715633 0.140850232
94.854389 19.688830 -0.027702908
95.812584 19.374108 -0.114544882
95.644774 19.374821 -0.022305750
95.811274 19.032867 -0.167208488
95.645181 19.034295 -0.034480473
95.477448 19.375038 0.104567385
95.310169 19.375086 0.131713391
95.478364 19.034430 0.060314562
95.309127 19.034643 0.112835618
95.812558 18.687918 0.045167516
95.645176 18.688968 0.100972889
95.813144 18.376879 0.128657228
95.647261 18.389928 0.066481922
95.478756 18.688145 0.177969757
95.309152 18.686388 0.162798629
95.476202 18.400523 0.098076259
95.311299 18.354904 0.147207890
95.141804 19.374986 0.136990882
94.975041 19.375121 0.047795019
95.142379 19.032038 0.184094616
94.975307 19.032730 0.015678470
94.821394 19.359135 -0.066538002
94.807210 19.031884 -0.161800947
95.142137 18.688861 0.130138997
94.975616 18.689056 0.047287391
95.143070 18.367947 0.157825375
94.976990 18.384588 -0.042496194
94.807283 18.687850 -0.210604891
94.667662 18.671161 -0.300070969
94.809247 18.401638 -0.160896953
94.650249 18.422292 -0.365194438
