95.771300 22.375862 0.348274207
95.801924 22.298822 0.132455518
95.770569 22.299808 -0.070265397
95.803505 22.209993 0.212475795
95.770821 22.212629 0.092453117
95.805744 22.116163 0.680242637
95.770569 22.117954 0.469041608
95.807728 22.023567 0.520797013
95.770569 22.024096 0.401146750
95.810116 21.934318 0.404311928
95.770520 21.934279 0.368142788
95.812150 21.843490 0.440733102
95.770569 21.844540 0.354260794
95.812753 21.750681 0.339348830
95.770569 21.750681 0.381386299
96.172365 21.471145 0.180034703
96.179502 21.380951 0.445448469
96.249623 21.104854 0.355194556
96.259038 21.013013 -0.313444095
96.212756 21.280407 0.578748790
96.182336 21.289754 -0.146109242
96.220290 21.197413 0.193820835
96.184830 21.200204 -0.128175050
96.221347 21.109992 0.274394179
96.187130 21.109992 -0.307290464
96.221327 21.016054 0.025625573
96.189526 21.019313 -0.384992646
95.812802 21.657013 0.416200760
95.770569 21.656822 0.131109721
95.812753 21.567044 0.496984190
95.770569 21.567044 0.261538982
95.812556 21.476923 0.307160406
95.770569 21.477266 0.081551219
95.812753 21.383407 0.208869873
95.770524 21.383620 0.119097632
95.845607 21.287351 0.384632041
95.847525 21.198667 0.413727048
95.812753 21.289548 0.249814832
95.770569 21.289548 0.166444726
95.812753 21.199770 0.282172248
95.770569 21.199770 0.174910042
95.849663 21.109992 0.608670212
95.851989 21.014453 0.370819693
95.812753 21.109992 0.408326001
95.770569 21.109992 0.119000200
95.812753 21.016062 0.381927383
95.770569 21.016134 0.227404640
96.418216 20.186024 0.297449058
96.450960 20.091721 0.444613329
96.419287 20.098027 0.417041611
96.458424 20.004449 0.719340637
96.418941 20.008133 0.287784399
96.458894 19.935300 1.459808636
96.418405 19.931543 0.044046470
96.504383 19.753097 0.822208297
96.461081 19.812292 0.946975176
96.419943 19.805604 -0.090726927
96.461275 19.727669 0.655223715
96.419230 19.727096 0.212821255
96.535857 19.628240 1.002669116
96.504150 19.628905 0.687897182
96.542226 19.536734 0.804215429
96.503504 19.538877 0.560031325
96.461219 19.631350 1.113167805
96.418981 19.630029 -0.041432577
96.461321 19.538877 0.240869839
96.419369 19.539522 0.013804644
96.290905 20.917326 0.830792336
96.260753 20.922618 0.137087912
96.297334 20.828824 1.226247083
96.261249 20.832959 -0.034468043
96.300525 20.742934 -0.013404371
96.260950 20.742719 -0.126406500
96.300472 20.648464 0.050061316
96.260859 20.648649 -0.252416326
96.221516 20.921667 -0.010588683
96.193281 20.924391 -0.539843598
96.221174 20.831343 -0.407292009
96.221404 20.742719 -0.519880819
96.223866 20.651551 -0.807647426
96.339646 20.554231 0.458245638
96.374203 20.460551 0.797899819
96.340044 20.465223 0.141827093
96.300639 20.555835 0.189818314
96.260950 20.555001 -0.580763163
96.300666 20.464789 -0.209549283
96.260851 20.464992 -0.655878585
96.379397 20.374973 0.449132191
96.340143 20.375712 0.104617878
96.379591 20.281586 0.634657287
96.340044 20.281586 0.010645243
96.300441 20.375619 0.068018768
96.260950 20.375445 -0.578718088
96.300420 20.281349 -0.176934174
96.264502 20.285167 -0.620392292
96.228096 20.557199 -0.747580829
96.232179 20.468594 -0.615631217
95.855035 20.922542 0.213014835
95.854936 20.832497 0.378427417
95.812753 20.922275 0.343767162
95.770569 20.922275 0.241264960
95.812753 20.832497 0.370934707
95.770569 20.832497 0.192383309
95.885181 20.740024 0.505496397
95.854936 20.742719 0.428467921
95.889176 20.646104 0.323432972
95.854936 20.648860 0.343549041
95.812753 20.742719 0.107513503
95.770569 20.742719 0.254874733
95.812753 20.648860 0.297854730
95.770569 20.648860 0.163866194
95.926085 20.276145 0.596564117
95.893268 20.552938 0.159534104
95.854936 20.555001 0.338710777
95.894483 20.465223 0.464483095
95.854936 20.465223 0.276211515
95.812753 20.555001 0.349828663
95.770569 20.555001 0.225510514
95.812753 20.465223 0.318481166
95.770569 20.465223 0.198284451
95.894483 20.375445 0.509186200
95.854936 20.375445 0.406952181
95.894483 20.281586 0.495883752
95.854936 20.281586 0.367025769
95.812753 20.375445 0.305600216
95.770569 20.375445 0.195407836
95.812753 20.281586 0.216269992
95.770706 20.281868 0.198206160
96.379591 20.187728 0.036749759
96.340044 20.187728 -0.127156103
96.379591 20.097515 0.363046270
96.339895 20.097796 -0.029157252
96.300722 20.188075 -0.587720709
96.271400 20.191512 -0.750158176
96.300497 20.097950 -0.455189154
96.379591 20.008172 0.262339344
96.340144 20.008865 -0.341052165
96.378838 19.929587 -0.146514218
96.338755 19.923653 -0.583070949
96.303727 20.011538 -0.515040717
96.310832 19.920842 -0.621541510
96.379591 19.803451 0.049975905
96.338194 19.806064 0.656297292
96.380129 19.728927 0.061407146
96.345889 19.730627 -0.016297955
96.379855 19.629778 0.265903943
96.379785 19.540596 -0.084836372
95.932620 20.185829 0.460803772
95.934030 20.097950 0.427336251
95.968343 20.004334 0.902212075
95.933678 20.008755 0.176893336
95.975076 19.910632 0.431921445
95.934030 19.913740 0.074210562
95.894483 20.187728 0.133977209
95.854887 20.187689 0.331860354
95.894819 20.098471 0.285944680
95.854685 20.098533 0.049371176
95.812753 20.187728 0.321690786
95.770668 20.187918 0.149980303
95.812654 20.097988 -0.082100239
95.770271 20.097950 0.198813663
95.894622 20.007699 0.197674307
95.854635 20.007433 0.051683558
95.894406 19.914392 0.082596250
95.854890 19.913740 0.035458582
95.812605 20.007905 -0.005752373
95.770569 20.008172 0.171266692
95.812982 19.914951 0.147576534
95.770707 19.914668 0.019219264
95.976316 19.841498 0.826946631
95.933947 19.836012 0.230918658
95.976879 19.717488 0.257240130
95.934323 19.715622 0.538489671
96.016325 19.636331 0.051370570
96.018886 19.531978 0.274023960
95.976826 19.640803 0.038224531
95.934210 19.638116 -0.295330232
95.976585 19.525723 0.129505773
95.934406 19.527801 -0.258268498
95.894665 19.836496 0.358121123
95.853451 19.834421 -0.348525498
95.895236 19.710388 0.748584583
95.854647 19.707924 0.591693946
95.789751 19.777073 -0.239175417
95.894348 19.634724 0.274145593
95.854992 19.633518 0.224815685
95.895056 19.525984 1.166556272
95.855644 19.525356 0.189751073
95.789465 19.585723 -0.295441016
95.731933 22.372152 0.048911581
95.691572 22.368294 -0.212864693
95.730736 22.300615 -0.145227615
95.691326 22.300898 -0.139606529
95.652617 22.365997 -0.179817675
95.651929 22.301591 -0.228026778
95.612887 22.302894 -0.233211285
95.730994 22.211682 -0.062072473
95.691377 22.212233 -0.247955201
95.731023 22.117954 0.299424328
95.691385 22.117532 0.086840170
95.651814 22.211636 -0.255057376
95.612382 22.211813 -0.281736489
95.651801 22.117479 0.076514080
95.612382 22.117954 -0.153373281
95.552318 22.312818 -0.319681343
95.470879 22.306224 -0.450044285
95.551701 22.161845 -0.229954525
95.469974 22.162136 -0.179827093
95.731023 22.024096 0.177418086
95.691774 22.024558 -0.118959021
95.731247 21.934665 -0.044614802
95.691476 21.934318 -0.116974009
95.651957 22.023795 -0.303954666
95.612382 22.024096 -0.156450368
95.652445 21.934406 -0.391642437
95.611972 21.934912 -0.456923764
95.731023 21.844540 0.155694182
95.691476 21.844540 0.013064566
95.731099 21.750839 0.158784389
95.691476 21.750681 0.021164528
95.630837 21.795570 -0.070834309
95.551780 21.979810 -0.122786859
95.470177 21.979460 -0.244755047
95.551993 21.794711 -0.197925372
95.469772 21.794099 -0.271489865
95.349014 22.202670 -0.178850004
95.346062 21.885585 -0.267841367
95.183330 21.882628 -0.323846246
95.731023 21.656822 -0.000264768
95.691476 21.656822 -0.089346348
95.731023 21.567044 0.103879009
95.691476 21.567044 0.110031335
95.630837 21.611933 0.019029219
95.731023 21.477266 0.078376905
95.691476 21.477266 -0.073228274
95.731023 21.383407 0.055620050
95.691476 21.383407 0.074387783
95.630837 21.428296 -0.098338061
95.551809 21.612313 -0.131269260
95.470013 21.611933 -0.036580853
95.551743 21.428296 -0.060749201
95.470052 21.428176 -0.004605528
95.731023 21.289548 0.068430043
95.691525 21.289434 0.023009289
95.731023 21.199770 0.051693153
95.691476 21.199770 -0.017257350
95.630837 21.244659 0.028202158
95.731023 21.109992 0.015672920
95.691476 21.109992 0.148703569
95.731023 21.016134 0.123226857
95.691476 21.016134 0.140157644
95.630837 21.061023 0.062547233
95.551693 21.244659 0.066552083
95.470013 21.244659 -0.062616164
95.551743 21.061023 0.073032432
95.470013 21.061023 -0.196591036
95.348615 21.522082 -0.330679534
95.181407 21.528495 -0.284400568
95.345520 21.149144 -0.149262158
95.182779 21.149541 -0.084826143
95.023437 21.870060 -0.150867016
94.862419 21.856412 0.097383018
94.698166 21.842238 0.197621596
94.543555 21.835403 0.188524556
95.022631 21.529510 -0.113442577
94.860413 21.529553 0.009807745
95.021602 21.149491 -0.074411936
94.861687 21.151218 0.018070725
94.696985 21.522258 0.073553055
94.570588 21.544510 0.047131274
94.700480 21.150208 0.063415437
95.731023 20.922275 0.184702488
95.691476 20.922275 0.151964277
95.731023 20.832497 0.095115215
95.691780 20.832497 0.074112008
95.630837 20.877386 0.170597447
95.731023 20.742719 0.148466591
95.691476 20.742719 0.159779147
95.731023 20.648860 0.140231713
95.691476 20.648860 0.155693371
95.630837 20.693749 0.159506616
95.551743 20.877386 0.034102998
95.469932 20.877176 -0.190588166
95.551743 20.693749 -0.101193381
95.470052 20.693729 -0.172782956
95.731023 20.555001 0.254721633
95.691476 20.555001 0.231618580
95.731023 20.465223 0.166843054
95.691476 20.465223 0.073227726
95.630837 20.510112 0.106042719
95.731023 20.375445 0.257215932
95.691476 20.375445 0.151265659
95.731023 20.281586 0.104541790
95.691476 20.281586 0.016925569
95.630885 20.326699 -0.107690743
95.551743 20.510112 -0.148548822
95.469891 20.510680 -0.179707078
95.551743 20.326475 -0.145479331
95.469699 20.325623 -0.040306401
95.346577 20.782732 -0.106961609
95.181920 20.782159 -0.027220095
95.346155 20.416206 -0.038454404
95.182589 20.416353 0.050129678
95.709989 20.142928 0.142830197
95.630837 20.142839 -0.059719611
95.710007 19.959085 0.024249480
95.630899 19.959619 -0.061281975
95.509510 20.048633 -0.034512499
95.709685 19.772257 -0.073516503
95.630727 19.771527 -0.073175176
95.709321 19.584666 -0.018496512
95.630775 19.584056 -0.044736671
95.509478 19.677810 0.003953998
95.345895 20.048840 -0.018354453
95.182715 20.048674 0.057514752
95.346246 19.677549 0.028870514
95.183174 19.678503 0.023554650
95.021649 20.783832 0.083212606
94.861459 20.783496 0.069938686
95.021969 20.415794 0.052879796
94.861626 20.418021 0.049087795
94.726094 20.806781 -0.040693451
95.021853 20.049564 0.046519874
94.883429 20.068259 -0.108901248
95.021698 19.677813 -0.009282197
96.543051 19.445019 0.244125821
96.503753 19.444326 0.111794660
96.543051 19.355241 0.263713325
96.503604 19.355857 0.052820164
96.461518 19.444904 -0.056329211
96.419188 19.444824 0.020456061
96.461321 19.355241 -0.097166516
96.419486 19.355395 -0.077419198
96.543051 19.265463 0.176549144
96.503702 19.265196 0.243196626
96.543315 19.172338 0.079024066
96.503647 19.170280 0.967325428
96.461422 19.265035 0.910367380
96.421086 19.268745 0.381056507
96.461554 19.171026 0.576399160
96.427287 19.175190 -0.136471933
96.624781 19.077745 1.023161989
96.582649 19.077981 0.581530428
96.624781 18.987967 0.714785302
96.582797 18.987659 0.512262391
96.672348 18.837626 0.554792390
96.624882 18.898694 0.524375824
96.582066 18.900704 0.270189439
96.625878 18.805623 0.890226410
96.581329 18.803650 0.097710996
96.543193 19.076824 0.546232240
96.503655 19.077240 0.025867290
96.542883 18.988835 0.895519831
96.503504 18.987967 0.113761679
96.460597 19.076785 -0.394285109
96.463375 18.991275 -0.173464577
96.542879 18.896504 0.033274116
96.503504 18.898189 -0.040455938
96.543051 18.804330 -0.139559125
96.503504 18.804330 -0.274320560
96.469773 18.902150 -0.338501243
96.772835 18.174276 0.354747454
96.684765 18.665723 0.888291911
96.621986 18.707669 0.121657735
96.582450 18.710433 0.140345614
96.624632 18.621078 0.338806729
96.582795 18.620732 0.083153677
96.684290 18.479076 0.333469267
96.624781 18.530761 0.068704505
96.582598 18.530915 -0.081004495
96.624736 18.437479 0.202273767
96.583263 18.436395 0.041872379
96.543190 18.710944 -0.217648172
96.507796 18.715122 -0.347121207
96.542853 18.620299 -0.112684587
96.516511 18.628583 -0.336752659
96.544779 18.533871 -0.149915510
96.552868 18.446260 0.089266947
96.685420 18.294442 0.197465075
96.610011 18.302111 -0.135950488
96.685337 18.106062 0.052444871
96.627988 18.123526 -0.006675947
96.385743 19.448711 -0.205776724
96.085151 19.260402 1.021417206
96.092037 19.167987 0.225891566
96.097490 19.077745 0.293348573
96.127298 18.982720 0.925715286
96.097888 18.987197 0.191143964
96.133933 18.893798 -0.297950351
96.097759 18.900105 0.457755071
96.138803 18.804255 0.326082979
96.097537 18.803319 -0.201527538
96.053005 19.441972 0.654478001
96.018595 19.445173 0.232024259
96.057542 19.354265 0.875016558
96.018396 19.354821 0.258033965
95.976016 19.444752 0.291076267
95.934281 19.445602 0.015107703
95.976312 19.355660 0.131909619
95.933930 19.355857 0.013390345
96.057943 19.265463 0.519664041
96.018695 19.265155 0.335686435
96.057840 19.172164 0.529231879
96.018674 19.171461 0.230875637
95.976162 19.264756 -0.005292780
95.933831 19.266079 0.278216179
95.976075 19.171249 0.215909422
95.933939 19.171182 -0.137947716
95.894315 19.445279 0.108834376
95.854936 19.444675 0.174376106
95.894202 19.355241 0.172395363
95.854936 19.355703 0.577633281
95.791989 19.399939 0.011703915
95.873308 19.216989 -0.013247066
95.791556 19.216290 -0.010877283
96.057943 19.078092 0.071286006
96.018195 19.078250 -0.123796858
96.057485 18.987878 0.461293297
96.018396 18.988203 0.236749251
95.976213 19.077745 0.392228597
95.933731 19.077514 0.799237243
95.976414 18.988472 0.092764540
95.934079 18.987929 0.599874748
96.057380 18.898693 0.335087926
96.018597 18.897451 -0.104761060
96.057552 18.803603 0.124164462
96.018303 18.805125 0.152753882
95.976361 18.897770 -0.078220925
95.933882 18.898456 -0.210483245
95.976213 18.804330 0.471823004
95.934505 18.804919 0.457981000
95.873865 19.032948 0.159363224
95.791388 19.033046 -0.171060258
95.872716 18.850660 -0.022566449
95.791440 18.849048 -0.056004642
96.171213 18.704426 0.432741889
96.179816 18.617315 0.622263667
96.139673 18.709267 0.451403507
96.097590 18.710625 -0.141145107
96.139673 18.620924 0.430743417
96.097386 18.620411 -0.078984048
96.210793 18.523650 -0.391386935
96.181508 18.531685 -0.006109659
96.219123 18.433297 -0.128827209
96.181904 18.437130 0.117924701
96.139823 18.530454 -0.136701372
96.097490 18.530572 0.270185438
96.139673 18.437567 0.293589570
96.097490 18.437128 0.200481890
96.272328 18.098160 -0.294296149
96.199646 18.293937 -0.089394508
96.118228 18.292970 0.018371074
96.200749 18.113948 0.006741243
96.117057 18.109069 0.028568242
96.058230 18.710471 0.398284436
96.018550 18.711383 0.383434880
96.057804 18.620393 0.106300952
96.018343 18.619944 0.200343798
95.955900 18.665310 -0.123494800
96.036936 18.482265 0.032519479
95.953982 18.482501 0.067020009
95.831058 18.571021 -0.088068547
95.994130 18.198775 -0.064577445
95.828926 18.203711 -0.092548674
96.802534 17.822206 0.208243426
96.928503 17.433175 0.615110673
96.813006 17.481293 0.089189846
96.793960 17.101741 -0.089075361
96.644588 17.042109 -0.224523769
96.474810 17.075914 -0.051641506
96.304830 17.820598 -0.113128505
96.151527 17.827558 0.044606564
96.320030 17.460119 0.014769212
96.157365 17.460775 0.054987413
95.995652 17.830010 -0.078087408
95.829369 17.827180 -0.049513447
95.994222 17.456302 0.007774115
95.830928 17.461895 0.071965261
96.318863 17.089366 -0.053221846
96.158281 17.093132 -0.062906451
96.314390 16.796950 -0.064353889
96.153391 16.781911 0.046641254
95.994365 17.094805 0.083047001
95.831007 17.095413 0.141252502
95.993740 16.768279 0.139503514
95.830039 16.747662 0.124259367
95.670388 19.305840 -0.024321641
95.509580 19.306246 0.064402273
95.670504 18.939078 0.003638208
95.509633 18.938558 0.048882257
95.345944 19.307060 0.080294655
95.182754 19.306575 0.017414765
95.346464 18.940215 0.063989897
95.183317 18.938398 0.064788169
95.670418 18.572451 -0.054840443
95.509349 18.572331 0.060865247
95.670506 18.200027 -0.139588802
95.510435 18.201588 -0.050584883
95.346044 18.571125 0.003727787
95.194661 18.588522 -0.181149747
95.346298 18.198991 -0.174280469
95.037897 19.325067 -0.073997352
95.670373 17.828896 -0.030343156
95.510768 17.827382 0.049798470
95.670667 17.462027 -0.032096396
95.510292 17.464490 -0.002224594
95.353204 17.841490 -0.176828450
95.386850 17.490166 -0.167777094
95.670990 17.093432 0.141522872
95.513347 17.104258 0.138423035
95.669630 16.732467 0.081504622
95.543266 16.748896 0.206032603
